Chr1	1	25000	29.888
Chr1	25001	50000	44.04
Chr1	50001	75000	44.076
Chr1	75001	100000	45.9
Chr1	100001	125000	46.332
Chr1	125001	150000	47.26
Chr1	150001	175000	48.204
Chr1	175001	200000	48.684
Chr1	200001	225000	45.972
Chr1	225001	250000	46.628
Chr1	250001	275000	45.404
Chr1	275001	300000	47.392
Chr1	300001	325000	47.516
Chr1	325001	350000	47.532
Chr1	350001	375000	46.812
Chr1	375001	400000	45.392
Chr1	400001	425000	47.036
Chr1	425001	450000	45.832
Chr1	450001	475000	48.616
Chr1	475001	500000	44.924
Chr1	500001	525000	46.296
Chr1	525001	550000	46.524
Chr1	550001	575000	48.936
Chr1	575001	600000	48.736
Chr1	600001	625000	50.104
Chr1	625001	650000	48.164
Chr1	650001	675000	45.86
Chr1	675001	700000	47.096
Chr1	700001	725000	46.764
Chr1	725001	750000	46.024
Chr1	750001	775000	48.044
Chr1	775001	800000	49.104
Chr1	800001	825000	47.856
Chr1	825001	850000	49.036
Chr1	850001	875000	48.044
Chr1	875001	900000	49.164
Chr1	900001	925000	49.58
Chr1	925001	950000	49.868
Chr1	950001	975000	50.028
Chr1	975001	1000000	47.624
Chr1	1000001	1025000	50.724
Chr1	1025001	1050000	48.092
Chr1	1050001	1075000	50.176
Chr1	1075001	1100000	48.96
Chr1	1100001	1125000	48.544
Chr1	1125001	1150000	47.66
Chr1	1150001	1175000	48.388
Chr1	1175001	1200000	49.74
Chr1	1200001	1225000	49.784
Chr1	1225001	1250000	49.372
Chr1	1250001	1275000	48.492
Chr1	1275001	1300000	49.508
Chr1	1300001	1325000	49.132
Chr1	1325001	1350000	48.288
Chr1	1350001	1375000	48.592
Chr1	1375001	1400000	50.104
Chr1	1400001	1425000	48.796
Chr1	1425001	1450000	48.92
Chr1	1450001	1475000	48.472
Chr1	1475001	1500000	49.68
Chr1	1500001	1525000	48.684
Chr1	1525001	1550000	49.404
Chr1	1550001	1575000	49.648
Chr1	1575001	1600000	50.244
Chr1	1600001	1625000	49.328
Chr1	1625001	1650000	48.784
Chr1	1650001	1675000	48.72
Chr1	1675001	1700000	49.36
Chr1	1700001	1725000	49.396
Chr1	1725001	1750000	49.7
Chr1	1750001	1775000	49.524
Chr1	1775001	1800000	48.472
Chr1	1800001	1825000	50.02
Chr1	1825001	1850000	48.516
Chr1	1850001	1875000	48.692
Chr1	1875001	1900000	49.38
Chr1	1900001	1925000	47.496
Chr1	1925001	1950000	49.24
Chr1	1950001	1975000	49.328
Chr1	1975001	2000000	49.064
Chr1	2000001	2025000	49.028
Chr1	2025001	2050000	49.892
Chr1	2050001	2075000	50.768
Chr1	2075001	2100000	50.228
Chr1	2100001	2125000	49.012
Chr1	2125001	2150000	49.36
Chr1	2150001	2175000	48.324
Chr1	2175001	2200000	49.436
Chr1	2200001	2225000	48.844
Chr1	2225001	2250000	48.588
Chr1	2250001	2275000	49.868
Chr1	2275001	2300000	47.728
Chr1	2300001	2325000	48.948
Chr1	2325001	2350000	48.856
Chr1	2350001	2375000	49.536
Chr1	2375001	2400000	49.372
Chr1	2400001	2425000	49.288
Chr1	2425001	2450000	48.892
Chr1	2450001	2475000	48.876
Chr1	2475001	2500000	47.492
Chr1	2500001	2525000	49.056
Chr1	2525001	2550000	48.872
Chr1	2550001	2575000	48.212
Chr1	2575001	2600000	49.168
Chr1	2600001	2625000	49.636
Chr1	2625001	2650000	48.996
Chr1	2650001	2675000	48.38
Chr1	2675001	2700000	48.788
Chr1	2700001	2725000	49.42
Chr1	2725001	2750000	49.684
Chr1	2750001	2775000	48.908
Chr1	2775001	2800000	48.592
Chr1	2800001	2825000	49.332
Chr1	2825001	2850000	49.012
Chr1	2850001	2875000	49.828
Chr1	2875001	2900000	48.636
Chr1	2900001	2925000	48.388
Chr1	2925001	2950000	48.848
Chr1	2950001	2975000	49.5
Chr1	2975001	3000000	48.64
Chr1	3000001	3025000	47.844
Chr1	3025001	3050000	47.768
Chr1	3050001	3075000	48.128
Chr1	3075001	3100000	47.684
Chr1	3100001	3125000	47.524
Chr1	3125001	3150000	48.092
Chr1	3150001	3175000	49.736
Chr1	3175001	3200000	48.196
Chr1	3200001	3225000	48.044
Chr1	3225001	3250000	48.144
Chr1	3250001	3275000	48.44
Chr1	3275001	3300000	49.364
Chr1	3300001	3325000	49.204
Chr1	3325001	3350000	49.932
Chr1	3350001	3375000	48.336
Chr1	3375001	3400000	49.14
Chr1	3400001	3425000	48.628
Chr1	3425001	3450000	48.688
Chr1	3450001	3475000	51.96
Chr1	3475001	3500000	49.684
Chr1	3500001	3525000	47.916
Chr1	3525001	3550000	49.364
Chr1	3550001	3575000	47.92
Chr1	3575001	3600000	46.708
Chr1	3600001	3625000	48.044
Chr1	3625001	3650000	49.112
Chr1	3650001	3675000	49.416
Chr1	3675001	3700000	49.108
Chr1	3700001	3725000	49.388
Chr1	3725001	3750000	49.456
Chr1	3750001	3775000	49.416
Chr1	3775001	3800000	48.82
Chr1	3800001	3825000	48.956
Chr1	3825001	3850000	49.62
Chr1	3850001	3875000	49.404
Chr1	3875001	3900000	49.068
Chr1	3900001	3925000	49.148
Chr1	3925001	3950000	49.164
Chr1	3950001	3975000	49.752
Chr1	3975001	4000000	49.144
Chr1	4000001	4025000	48.3
Chr1	4025001	4050000	48.48
Chr1	4050001	4075000	49.616
Chr1	4075001	4100000	49.368
Chr1	4100001	4125000	49.284
Chr1	4125001	4150000	48.784
Chr1	4150001	4175000	48.884
Chr1	4175001	4200000	48.192
Chr1	4200001	4225000	48.096
Chr1	4225001	4250000	49.448
Chr1	4250001	4275000	49.356
Chr1	4275001	4300000	50.02
Chr1	4300001	4325000	49.344
Chr1	4325001	4350000	50.392
Chr1	4350001	4375000	50.24
Chr1	4375001	4400000	49.94
Chr1	4400001	4425000	48.88
Chr1	4425001	4450000	51.66
Chr1	4450001	4475000	48.68
Chr1	4475001	4500000	48.876
Chr1	4500001	4525000	48.504
Chr1	4525001	4550000	48.684
Chr1	4550001	4575000	49.524
Chr1	4575001	4600000	47.972
Chr1	4600001	4625000	48.748
Chr1	4625001	4650000	48.968
Chr1	4650001	4675000	50.068
Chr1	4675001	4700000	48.976
Chr1	4700001	4725000	48.78
Chr1	4725001	4750000	49.268
Chr1	4750001	4775000	50.104
Chr1	4775001	4800000	48.692
Chr1	4800001	4825000	49.02
Chr1	4825001	4850000	48.472
Chr1	4850001	4875000	49.824
Chr1	4875001	4900000	48.892
Chr1	4900001	4925000	48.276
Chr1	4925001	4950000	49.116
Chr1	4950001	4975000	48.724
Chr1	4975001	5000000	49.616
Chr1	5000001	5025000	47.752
Chr1	5025001	5050000	48
Chr1	5050001	5075000	48.872
Chr1	5075001	5100000	49.076
Chr1	5100001	5125000	49.988
Chr1	5125001	5150000	49.636
Chr1	5150001	5175000	49.612
Chr1	5175001	5200000	48.74
Chr1	5200001	5225000	49.408
Chr1	5225001	5250000	47.756
Chr1	5250001	5275000	47.816
Chr1	5275001	5300000	47.884
Chr1	5300001	5325000	47.936
Chr1	5325001	5350000	49.236
Chr1	5350001	5375000	49.172
Chr1	5375001	5400000	48.076
Chr1	5400001	5425000	47.8
Chr1	5425001	5450000	49.688
Chr1	5450001	5475000	50.216
Chr1	5475001	5500000	49.748
Chr1	5500001	5525000	49.216
Chr1	5525001	5550000	48.532
Chr1	5550001	5575000	47.216
Chr1	5575001	5600000	49.54
Chr1	5600001	5625000	48.604
Chr1	5625001	5650000	50.6
Chr1	5650001	5675000	48.796
Chr1	5675001	5700000	47.756
Chr1	5700001	5725000	46.884
Chr1	5725001	5750000	48.132
Chr1	5750001	5775000	46.884
Chr1	5775001	5800000	47.064
Chr1	5800001	5825000	49.412
Chr1	5825001	5850000	47.864
Chr1	5850001	5875000	46.3
Chr1	5875001	5900000	47.884
Chr1	5900001	5925000	46.616
Chr1	5925001	5950000	47.784
Chr1	5950001	5975000	46.3
Chr1	5975001	6000000	46.452
Chr1	6000001	6025000	48.44
Chr1	6025001	6050000	49.524
Chr1	6050001	6075000	49.624
Chr1	6075001	6100000	50.024
Chr1	6100001	6125000	48.892
Chr1	6125001	6150000	48.496
Chr1	6150001	6175000	48.804
Chr1	6175001	6200000	48.704
Chr1	6200001	6225000	49.536
Chr1	6225001	6250000	49.312
Chr1	6250001	6275000	49.848
Chr1	6275001	6300000	49.516
Chr1	6300001	6325000	49.796
Chr1	6325001	6350000	49.668
Chr1	6350001	6375000	49.164
Chr1	6375001	6400000	49.344
Chr1	6400001	6425000	48.896
Chr1	6425001	6450000	49.012
Chr1	6450001	6475000	48.792
Chr1	6475001	6500000	49.88
Chr1	6500001	6525000	49.956
Chr1	6525001	6550000	47.884
Chr1	6550001	6575000	47.052
Chr1	6575001	6600000	47.364
Chr1	6600001	6625000	48.952
Chr1	6625001	6650000	48.22
Chr1	6650001	6675000	48.188
Chr1	6675001	6700000	49.572
Chr1	6700001	6725000	47.228
Chr1	6725001	6750000	48.344
Chr1	6750001	6775000	49.868
Chr1	6775001	6800000	48.108
Chr1	6800001	6825000	49.188
Chr1	6825001	6850000	48.708
Chr1	6850001	6875000	48.252
Chr1	6875001	6900000	49.352
Chr1	6900001	6925000	48.916
Chr1	6925001	6950000	47.552
Chr1	6950001	6975000	48.98
Chr1	6975001	7000000	47.472
Chr1	7000001	7025000	48.72
Chr1	7025001	7050000	46.716
Chr1	7050001	7075000	47.932
Chr1	7075001	7100000	46.684
Chr1	7100001	7125000	46.216
Chr1	7125001	7150000	47.832
Chr1	7150001	7175000	47.532
Chr1	7175001	7200000	46.42
Chr1	7200001	7225000	46.664
Chr1	7225001	7250000	49.808
Chr1	7250001	7275000	49.94
Chr1	7275001	7300000	48.836
Chr1	7300001	7325000	47.94
Chr1	7325001	7350000	47.652
Chr1	7350001	7375000	48.024
Chr1	7375001	7400000	47.244
Chr1	7400001	7425000	48.252
Chr1	7425001	7450000	46.696
Chr1	7450001	7475000	47.584
Chr1	7475001	7500000	50.22
Chr1	7500001	7525000	49.176
Chr1	7525001	7550000	47.76
Chr1	7550001	7575000	46.936
Chr1	7575001	7600000	48.76
Chr1	7600001	7625000	47.428
Chr1	7625001	7650000	45.784
Chr1	7650001	7675000	46.172
Chr1	7675001	7700000	46.804
Chr1	7700001	7725000	47.852
Chr1	7725001	7750000	47.952
Chr1	7750001	7775000	46.964
Chr1	7775001	7800000	46.32
Chr1	7800001	7825000	47.092
Chr1	7825001	7850000	48.5
Chr1	7850001	7875000	48.212
Chr1	7875001	7900000	48.004
Chr1	7900001	7925000	49.26
Chr1	7925001	7950000	49.616
Chr1	7950001	7975000	49.036
Chr1	7975001	8000000	50.132
Chr1	8000001	8025000	48.248
Chr1	8025001	8050000	49.372
Chr1	8050001	8075000	48.676
Chr1	8075001	8100000	49.756
Chr1	8100001	8125000	49.204
Chr1	8125001	8150000	48.884
Chr1	8150001	8175000	48.312
Chr1	8175001	8200000	49.092
Chr1	8200001	8225000	47.988
Chr1	8225001	8250000	49.4
Chr1	8250001	8275000	49.268
Chr1	8275001	8300000	48.268
Chr1	8300001	8325000	48.324
Chr1	8325001	8350000	50.004
Chr1	8350001	8375000	48.704
Chr1	8375001	8400000	47.916
Chr1	8400001	8425000	47.4
Chr1	8425001	8450000	47.716
Chr1	8450001	8475000	50.216
Chr1	8475001	8500000	49.244
Chr1	8500001	8525000	48.748
Chr1	8525001	8550000	49.076
Chr1	8550001	8575000	49.572
Chr1	8575001	8600000	48.712
Chr1	8600001	8625000	47.156
Chr1	8625001	8650000	48.004
Chr1	8650001	8675000	49.252
Chr1	8675001	8700000	48.764
Chr1	8700001	8725000	48.784
Chr1	8725001	8750000	48.5
Chr1	8750001	8775000	48.664
Chr1	8775001	8800000	49.628
Chr1	8800001	8825000	47.664
Chr1	8825001	8850000	48.304
Chr1	8850001	8875000	48.508
Chr1	8875001	8900000	49.428
Chr1	8900001	8925000	49.188
Chr1	8925001	8950000	48.328
Chr1	8950001	8975000	31.084
Chr1	8975001	9000000	13.052
Chr1	9000001	9025000	21.16
Chr1	9025001	9050000	48.98
Chr1	9050001	9075000	49.556
Chr1	9075001	9100000	48.704
Chr1	9100001	9125000	49.532
Chr1	9125001	9150000	49.336
Chr1	9150001	9175000	49.148
Chr1	9175001	9200000	48.716
Chr1	9200001	9225000	49.368
Chr1	9225001	9250000	49.648
Chr1	9250001	9275000	49.644
Chr1	9275001	9300000	48.804
Chr1	9300001	9325000	48.068
Chr1	9325001	9350000	49.124
Chr1	9350001	9375000	48.984
Chr1	9375001	9400000	49.048
Chr1	9400001	9425000	49.34
Chr1	9425001	9450000	48.444
Chr1	9450001	9475000	49.74
Chr1	9475001	9500000	50.02
Chr1	9500001	9525000	48.66
Chr1	9525001	9550000	48.312
Chr1	9550001	9575000	50.084
Chr1	9575001	9600000	47.976
Chr1	9600001	9625000	49.712
Chr1	9625001	9650000	48.524
Chr1	9650001	9675000	48.508
Chr1	9675001	9700000	48.904
Chr1	9700001	9725000	49.508
Chr1	9725001	9750000	49.292
Chr1	9750001	9775000	49.6
Chr1	9775001	9800000	50.192
Chr1	9800001	9825000	49.096
Chr1	9825001	9850000	49.244
Chr1	9850001	9875000	47.824
Chr1	9875001	9900000	48.84
Chr1	9900001	9925000	48.84
Chr1	9925001	9950000	48.78
Chr1	9950001	9975000	49.236
Chr1	9975001	10000000	49.732
Chr1	10000001	10025000	48.792
Chr1	10025001	10050000	48.608
Chr1	10050001	10075000	49.228
Chr1	10075001	10100000	49.04
Chr1	10100001	10125000	48.124
Chr1	10125001	10150000	48.768
Chr1	10150001	10175000	49.06
Chr1	10175001	10200000	48.932
Chr1	10200001	10225000	47.276
Chr1	10225001	10250000	48.384
Chr1	10250001	10275000	50.256
Chr1	10275001	10300000	49.76
Chr1	10300001	10325000	49.292
Chr1	10325001	10350000	47.9
Chr1	10350001	10375000	48.704
Chr1	10375001	10400000	49.34
Chr1	10400001	10425000	47.88
Chr1	10425001	10450000	48.56
Chr1	10450001	10475000	49.664
Chr1	10475001	10500000	49.064
Chr1	10500001	10525000	48.936
Chr1	10525001	10550000	48.276
Chr1	10550001	10575000	46.832
Chr1	10575001	10600000	49.308
Chr1	10600001	10625000	49.44
Chr1	10625001	10650000	49.036
Chr1	10650001	10675000	48.528
Chr1	10675001	10700000	48.156
Chr1	10700001	10725000	48.968
Chr1	10725001	10750000	49.588
Chr1	10750001	10775000	46.8
Chr1	10775001	10800000	48.628
Chr1	10800001	10825000	48.248
Chr1	10825001	10850000	48.56
Chr1	10850001	10875000	47.24
Chr1	10875001	10900000	47.2
Chr1	10900001	10925000	46.812
Chr1	10925001	10950000	47.028
Chr1	10950001	10975000	46.848
Chr1	10975001	11000000	46.98
Chr1	11000001	11025000	49.124
Chr1	11025001	11050000	47.44
Chr1	11050001	11075000	47.944
Chr1	11075001	11100000	49.524
Chr1	11100001	11125000	49.244
Chr1	11125001	11150000	48.22
Chr1	11150001	11175000	49.932
Chr1	11175001	11200000	50.436
Chr1	11200001	11225000	45.432
Chr1	11225001	11250000	47.624
Chr1	11250001	11275000	47.672
Chr1	11275001	11300000	45.48
Chr1	11300001	11325000	47.92
Chr1	11325001	11350000	46.732
Chr1	11350001	11375000	46.832
Chr1	11375001	11400000	46.128
Chr1	11400001	11425000	47.38
Chr1	11425001	11450000	46.284
Chr1	11450001	11475000	47.336
Chr1	11475001	11500000	46.44
Chr1	11500001	11525000	46.768
Chr1	11525001	11550000	45.956
Chr1	11550001	11575000	47.192
Chr1	11575001	11600000	46.792
Chr1	11600001	11625000	46.048
Chr1	11625001	11650000	47.06
Chr1	11650001	11675000	46.352
Chr1	11675001	11700000	45.672
Chr1	11700001	11725000	46.852
Chr1	11725001	11750000	40.072
Chr1	11750001	11775000	25.1232876712329
Chr2	1	25000	26.652
Chr2	25001	50000	44.872
Chr2	50001	75000	45.692
Chr2	75001	100000	45.848
Chr2	100001	125000	43.036
Chr2	125001	150000	46.98
Chr2	150001	175000	46.52
Chr2	175001	200000	47.036
Chr2	200001	225000	45.068
Chr2	225001	250000	47.212
Chr2	250001	275000	47.156
Chr2	275001	300000	46.836
Chr2	300001	325000	45.84
Chr2	325001	350000	46.212
Chr2	350001	375000	44.836
Chr2	375001	400000	45.776
Chr2	400001	425000	45.496
Chr2	425001	450000	46.54
Chr2	450001	475000	49.036
Chr2	475001	500000	49.688
Chr2	500001	525000	47.148
Chr2	525001	550000	45.964
Chr2	550001	575000	47.292
Chr2	575001	600000	47.736
Chr2	600001	625000	48.7
Chr2	625001	650000	47.388
Chr2	650001	675000	45.768
Chr2	675001	700000	49.128
Chr2	700001	725000	47.44
Chr2	725001	750000	45.216
Chr2	750001	775000	45.96
Chr2	775001	800000	46.34
Chr2	800001	825000	46.836
Chr2	825001	850000	47.052
Chr2	850001	875000	48.368
Chr2	875001	900000	48.328
Chr2	900001	925000	47.78
Chr2	925001	950000	47.992
Chr2	950001	975000	48.88
Chr2	975001	1000000	48.712
Chr2	1000001	1025000	49.416
Chr2	1025001	1050000	48.236
Chr2	1050001	1075000	48.572
Chr2	1075001	1100000	49.636
Chr2	1100001	1125000	48.872
Chr2	1125001	1150000	47.852
Chr2	1150001	1175000	47.516
Chr2	1175001	1200000	47.76
Chr2	1200001	1225000	49.472
Chr2	1225001	1250000	48.192
Chr2	1250001	1275000	49.652
Chr2	1275001	1300000	49.868
Chr2	1300001	1325000	47.124
Chr2	1325001	1350000	49.096
Chr2	1350001	1375000	48.956
Chr2	1375001	1400000	49.488
Chr2	1400001	1425000	49.432
Chr2	1425001	1450000	48.336
Chr2	1450001	1475000	48.892
Chr2	1475001	1500000	49.44
Chr2	1500001	1525000	48.412
Chr2	1525001	1550000	50.556
Chr2	1550001	1575000	49.016
Chr2	1575001	1600000	50.032
Chr2	1600001	1625000	49.632
Chr2	1625001	1650000	47.128
Chr2	1650001	1675000	48.684
Chr2	1675001	1700000	49.532
Chr2	1700001	1725000	48.788
Chr2	1725001	1750000	49.104
Chr2	1750001	1775000	48.092
Chr2	1775001	1800000	49.38
Chr2	1800001	1825000	48.208
Chr2	1825001	1850000	48.448
Chr2	1850001	1875000	49.24
Chr2	1875001	1900000	48.964
Chr2	1900001	1925000	48.844
Chr2	1925001	1950000	49.02
Chr2	1950001	1975000	49.672
Chr2	1975001	2000000	49.312
Chr2	2000001	2025000	47.948
Chr2	2025001	2050000	49.32
Chr2	2050001	2075000	47.584
Chr2	2075001	2100000	48.832
Chr2	2100001	2125000	48.664
Chr2	2125001	2150000	48.68
Chr2	2150001	2175000	49.768
Chr2	2175001	2200000	48.844
Chr2	2200001	2225000	48.084
Chr2	2225001	2250000	49.408
Chr2	2250001	2275000	48.984
Chr2	2275001	2300000	48.724
Chr2	2300001	2325000	47.464
Chr2	2325001	2350000	48.828
Chr2	2350001	2375000	48.404
Chr2	2375001	2400000	49.468
Chr2	2400001	2425000	49.016
Chr2	2425001	2450000	49.172
Chr2	2450001	2475000	50.236
Chr2	2475001	2500000	49.776
Chr2	2500001	2525000	49.496
Chr2	2525001	2550000	48.156
Chr2	2550001	2575000	49.048
Chr2	2575001	2600000	48.216
Chr2	2600001	2625000	49.116
Chr2	2625001	2650000	49.5
Chr2	2650001	2675000	49.068
Chr2	2675001	2700000	48.3
Chr2	2700001	2725000	48.384
Chr2	2725001	2750000	49.54
Chr2	2750001	2775000	48.9
Chr2	2775001	2800000	47.644
Chr2	2800001	2825000	47.476
Chr2	2825001	2850000	45.8
Chr2	2850001	2875000	49.028
Chr2	2875001	2900000	49.084
Chr2	2900001	2925000	47.068
Chr2	2925001	2950000	48.476
Chr2	2950001	2975000	49.588
Chr2	2975001	3000000	48.336
Chr2	3000001	3025000	48.868
Chr2	3025001	3050000	48.896
Chr2	3050001	3075000	50.448
Chr2	3075001	3100000	47.976
Chr2	3100001	3125000	48.216
Chr2	3125001	3150000	49.196
Chr2	3150001	3175000	49.444
Chr2	3175001	3200000	49.744
Chr2	3200001	3225000	49.82
Chr2	3225001	3250000	49.12
Chr2	3250001	3275000	39.924
Chr2	3275001	3300000	13.336
Chr2	3300001	3325000	14.86
Chr2	3325001	3350000	35.6
Chr2	3350001	3375000	49.748
Chr2	3375001	3400000	49.652
Chr2	3400001	3425000	49
Chr2	3425001	3450000	50.192
Chr2	3450001	3475000	48.832
Chr2	3475001	3500000	47.856
Chr2	3500001	3525000	46.4
Chr2	3525001	3550000	48.436
Chr2	3550001	3575000	47.22
Chr2	3575001	3600000	46.972
Chr2	3600001	3625000	49.284
Chr2	3625001	3650000	47.496
Chr2	3650001	3675000	47.22
Chr2	3675001	3700000	48.296
Chr2	3700001	3725000	47.788
Chr2	3725001	3750000	46.412
Chr2	3750001	3775000	49.364
Chr2	3775001	3800000	46.396
Chr2	3800001	3825000	47.448
Chr2	3825001	3850000	48.108
Chr2	3850001	3875000	47.772
Chr2	3875001	3900000	49.364
Chr2	3900001	3925000	46.704
Chr2	3925001	3950000	48.4
Chr2	3950001	3975000	47.528
Chr2	3975001	4000000	46.132
Chr2	4000001	4025000	46.624
Chr2	4025001	4050000	48.072
Chr2	4050001	4075000	46.144
Chr2	4075001	4100000	47.392
Chr2	4100001	4125000	47.3
Chr2	4125001	4150000	47.772
Chr2	4150001	4175000	49.436
Chr2	4175001	4200000	46.624
Chr2	4200001	4225000	47.536
Chr2	4225001	4250000	47.24
Chr2	4250001	4275000	46.764
Chr2	4275001	4300000	48.308
Chr2	4300001	4325000	46.276
Chr2	4325001	4350000	48.264
Chr2	4350001	4375000	47.992
Chr2	4375001	4400000	46.86
Chr2	4400001	4425000	47.668
Chr2	4425001	4450000	47.992
Chr2	4450001	4475000	48.148
Chr2	4475001	4500000	47.12
Chr2	4500001	4525000	47.556
Chr2	4525001	4550000	48.488
Chr2	4550001	4575000	48.152
Chr2	4575001	4600000	47.92
Chr2	4600001	4625000	47.66
Chr2	4625001	4650000	49.748
Chr2	4650001	4675000	47.716
Chr2	4675001	4700000	48.248
Chr2	4700001	4725000	47.76
Chr2	4725001	4750000	46.976
Chr2	4750001	4775000	47.924
Chr2	4775001	4800000	47.996
Chr2	4800001	4825000	48.32
Chr2	4825001	4850000	48.252
Chr2	4850001	4875000	47.156
Chr2	4875001	4900000	50.036
Chr2	4900001	4925000	47.172
Chr2	4925001	4950000	47.492
Chr2	4950001	4975000	47.2
Chr2	4975001	5000000	47.732
Chr2	5000001	5025000	47.4
Chr2	5025001	5050000	47.98
Chr2	5050001	5075000	47.424
Chr2	5075001	5100000	49.08
Chr2	5100001	5125000	47.78
Chr2	5125001	5150000	48.096
Chr2	5150001	5175000	47.756
Chr2	5175001	5200000	47.336
Chr2	5200001	5225000	48.324
Chr2	5225001	5250000	46.656
Chr2	5250001	5275000	47.92
Chr2	5275001	5300000	47.992
Chr2	5300001	5325000	46.24
Chr2	5325001	5350000	47.64
Chr2	5350001	5375000	48.196
Chr2	5375001	5400000	46.964
Chr2	5400001	5425000	46.732
Chr2	5425001	5450000	47.852
Chr2	5450001	5475000	47.396
Chr2	5475001	5500000	47.648
Chr2	5500001	5525000	47.284
Chr2	5525001	5550000	47.732
Chr2	5550001	5575000	47.264
Chr2	5575001	5600000	47.696
Chr2	5600001	5625000	47.604
Chr2	5625001	5650000	47.452
Chr2	5650001	5675000	47.716
Chr2	5675001	5700000	47.768
Chr2	5700001	5725000	48.22
Chr2	5725001	5750000	47.58
Chr2	5750001	5775000	48.54
Chr2	5775001	5800000	48.764
Chr2	5800001	5825000	47.784
Chr2	5825001	5850000	47.816
Chr2	5850001	5875000	47.236
Chr2	5875001	5900000	47.724
Chr2	5900001	5925000	48.64
Chr2	5925001	5950000	47.912
Chr2	5950001	5975000	50.444
Chr2	5975001	6000000	48.028
Chr2	6000001	6025000	46.992
Chr2	6025001	6050000	48.888
Chr2	6050001	6075000	47.072
Chr2	6075001	6100000	48.504
Chr2	6100001	6125000	47.44
Chr2	6125001	6150000	46.796
Chr2	6150001	6175000	48.608
Chr2	6175001	6200000	46.624
Chr2	6200001	6225000	48.5
Chr2	6225001	6250000	47.732
Chr2	6250001	6275000	47.424
Chr2	6275001	6300000	47.584
Chr2	6300001	6325000	47.484
Chr2	6325001	6350000	47.06
Chr2	6350001	6375000	46.708
Chr2	6375001	6400000	47.368
Chr2	6400001	6425000	48.244
Chr2	6425001	6450000	47.812
Chr2	6450001	6475000	46.52
Chr2	6475001	6500000	47.352
Chr2	6500001	6525000	47.072
Chr2	6525001	6550000	47.512
Chr2	6550001	6575000	49.696
Chr2	6575001	6600000	46.492
Chr2	6600001	6625000	48.628
Chr2	6625001	6650000	48.668
Chr2	6650001	6675000	47.076
Chr2	6675001	6700000	48.172
Chr2	6700001	6725000	49.696
Chr2	6725001	6750000	49.312
Chr2	6750001	6775000	49.472
Chr2	6775001	6800000	48.524
Chr2	6800001	6825000	47.796
Chr2	6825001	6850000	49.16
Chr2	6850001	6875000	47.272
Chr2	6875001	6900000	48.124
Chr2	6900001	6925000	47.668
Chr2	6925001	6950000	49.036
Chr2	6950001	6975000	48.104
Chr2	6975001	7000000	49.836
Chr2	7000001	7025000	49.764
Chr2	7025001	7050000	48.436
Chr2	7050001	7075000	49.544
Chr2	7075001	7100000	48.696
Chr2	7100001	7125000	47.828
Chr2	7125001	7150000	48
Chr2	7150001	7175000	49.6
Chr2	7175001	7200000	47.712
Chr2	7200001	7225000	49.224
Chr2	7225001	7250000	49.996
Chr2	7250001	7275000	48.416
Chr2	7275001	7300000	47.984
Chr2	7300001	7325000	47.948
Chr2	7325001	7350000	47.06
Chr2	7350001	7375000	49.324
Chr2	7375001	7400000	48.164
Chr2	7400001	7425000	47.256
Chr2	7425001	7450000	49.104
Chr2	7450001	7475000	48.56
Chr2	7475001	7500000	48.812
Chr2	7500001	7525000	49.26
Chr2	7525001	7550000	48.684
Chr2	7550001	7575000	49.072
Chr2	7575001	7600000	49.156
Chr2	7600001	7625000	48.668
Chr2	7625001	7650000	48.076
Chr2	7650001	7675000	48.936
Chr2	7675001	7700000	47.976
Chr2	7700001	7725000	48.852
Chr2	7725001	7750000	48.948
Chr2	7750001	7775000	48.256
Chr2	7775001	7800000	49.18
Chr2	7800001	7825000	47.536
Chr2	7825001	7850000	48.16
Chr2	7850001	7875000	49.476
Chr2	7875001	7900000	48.232
Chr2	7900001	7925000	48.78
Chr2	7925001	7950000	49.328
Chr2	7950001	7975000	49.912
Chr2	7975001	8000000	48.764
Chr2	8000001	8025000	46.38
Chr2	8025001	8050000	48.892
Chr2	8050001	8075000	48.896
Chr2	8075001	8100000	49.704
Chr2	8100001	8125000	47.796
Chr2	8125001	8150000	47.636
Chr2	8150001	8175000	48.88
Chr2	8175001	8200000	50.224
Chr2	8200001	8225000	47.26
Chr2	8225001	8250000	46.82
Chr2	8250001	8275000	46.888
Chr2	8275001	8300000	48.16
Chr2	8300001	8325000	46.152
Chr2	8325001	8350000	45.776
Chr2	8350001	8375000	47.08
Chr2	8375001	8400000	47.608
Chr2	8400001	8425000	48.164
Chr2	8425001	8450000	49.944
Chr2	8450001	8475000	49.632
Chr2	8475001	8500000	48.284
Chr2	8500001	8525000	46.38
Chr2	8525001	8550000	47.012
Chr2	8550001	8575000	45.364
Chr2	8575001	8600000	46.18
Chr2	8600001	8625000	46.932
Chr2	8625001	8650000	47.284
Chr2	8650001	8675000	47.76
Chr2	8675001	8700000	46.968
Chr2	8700001	8725000	46.316
Chr2	8725001	8750000	41.924
Chr2	8750001	8775000	47.148
Chr2	8775001	8800000	34.644
Chr2	8800001	8825000	46.772
Chr2	8825001	8850000	47.992
Chr2	8850001	8875000	43.796
Chr2	8875001	8900000	46.636
Chr2	8900001	8925000	46.164
Chr2	8925001	8950000	46.18
Chr2	8950001	8975000	45.128
Chr2	8975001	9000000	32.4319531873393
Chr3	1	25000	42.064
Chr3	25001	50000	44.48
Chr3	50001	75000	45.328
Chr3	75001	100000	45.64
Chr3	100001	125000	43.72
Chr3	125001	150000	47.108
Chr3	150001	175000	46.556
Chr3	175001	200000	46.144
Chr3	200001	225000	46.584
Chr3	225001	250000	46.472
Chr3	250001	275000	47.432
Chr3	275001	300000	46.396
Chr3	300001	325000	46.664
Chr3	325001	350000	46.74
Chr3	350001	375000	46.744
Chr3	375001	400000	47.992
Chr3	400001	425000	46.616
Chr3	425001	450000	47.344
Chr3	450001	475000	46.012
Chr3	475001	500000	45.664
Chr3	500001	525000	47.216
Chr3	525001	550000	48.44
Chr3	550001	575000	50.016
Chr3	575001	600000	47.344
Chr3	600001	625000	48.824
Chr3	625001	650000	49.808
Chr3	650001	675000	46.712
Chr3	675001	700000	47.596
Chr3	700001	725000	49.952
Chr3	725001	750000	48.024
Chr3	750001	775000	47.9
Chr3	775001	800000	48.22
Chr3	800001	825000	48.204
Chr3	825001	850000	48.62
Chr3	850001	875000	48.58
Chr3	875001	900000	48.624
Chr3	900001	925000	48.024
Chr3	925001	950000	48.44
Chr3	950001	975000	48.7
Chr3	975001	1000000	48.632
Chr3	1000001	1025000	48.464
Chr3	1025001	1050000	48.756
Chr3	1050001	1075000	49.676
Chr3	1075001	1100000	48.792
Chr3	1100001	1125000	48.72
Chr3	1125001	1150000	50.084
Chr3	1150001	1175000	48.704
Chr3	1175001	1200000	48.952
Chr3	1200001	1225000	48.692
Chr3	1225001	1250000	48.884
Chr3	1250001	1275000	48.524
Chr3	1275001	1300000	48.868
Chr3	1300001	1325000	49.992
Chr3	1325001	1350000	47.776
Chr3	1350001	1375000	48.936
Chr3	1375001	1400000	48.648
Chr3	1400001	1425000	48.972
Chr3	1425001	1450000	47.608
Chr3	1450001	1475000	47.988
Chr3	1475001	1500000	49.392
Chr3	1500001	1525000	48.676
Chr3	1525001	1550000	49.148
Chr3	1550001	1575000	49.94
Chr3	1575001	1600000	48.368
Chr3	1600001	1625000	47.668
Chr3	1625001	1650000	48.976
Chr3	1650001	1675000	48.948
Chr3	1675001	1700000	48.952
Chr3	1700001	1725000	48.136
Chr3	1725001	1750000	49.356
Chr3	1750001	1775000	48.62
Chr3	1775001	1800000	49.26
Chr3	1800001	1825000	47.808
Chr3	1825001	1850000	49.336
Chr3	1850001	1875000	51.4
Chr3	1875001	1900000	49.792
Chr3	1900001	1925000	48.048
Chr3	1925001	1950000	48.924
Chr3	1950001	1975000	48.776
Chr3	1975001	2000000	48.516
Chr3	2000001	2025000	48.796
Chr3	2025001	2050000	48.312
Chr3	2050001	2075000	49.264
Chr3	2075001	2100000	49.768
Chr3	2100001	2125000	50.04
Chr3	2125001	2150000	49.9
Chr3	2150001	2175000	48.72
Chr3	2175001	2200000	48.508
Chr3	2200001	2225000	49.8
Chr3	2225001	2250000	49.368
Chr3	2250001	2275000	49.736
Chr3	2275001	2300000	49.2
Chr3	2300001	2325000	48.88
Chr3	2325001	2350000	49.2
Chr3	2350001	2375000	48.42
Chr3	2375001	2400000	47.884
Chr3	2400001	2425000	48.944
Chr3	2425001	2450000	48.66
Chr3	2450001	2475000	49.404
Chr3	2475001	2500000	49.668
Chr3	2500001	2525000	49.84
Chr3	2525001	2550000	48.216
Chr3	2550001	2575000	48.704
Chr3	2575001	2600000	48.608
Chr3	2600001	2625000	48.5
Chr3	2625001	2650000	49.196
Chr3	2650001	2675000	48.856
Chr3	2675001	2700000	50.028
Chr3	2700001	2725000	49.132
Chr3	2725001	2750000	49.424
Chr3	2750001	2775000	49.008
Chr3	2775001	2800000	48.516
Chr3	2800001	2825000	48.728
Chr3	2825001	2850000	49.372
Chr3	2850001	2875000	48.64
Chr3	2875001	2900000	48.944
Chr3	2900001	2925000	49.312
Chr3	2925001	2950000	50.824
Chr3	2950001	2975000	49.38
Chr3	2975001	3000000	48.816
Chr3	3000001	3025000	49.704
Chr3	3025001	3050000	47.696
Chr3	3050001	3075000	47.764
Chr3	3075001	3100000	48.604
Chr3	3100001	3125000	48.568
Chr3	3125001	3150000	48.332
Chr3	3150001	3175000	47.88
Chr3	3175001	3200000	48.028
Chr3	3200001	3225000	48.54
Chr3	3225001	3250000	49.404
Chr3	3250001	3275000	48.276
Chr3	3275001	3300000	47.104
Chr3	3300001	3325000	48.192
Chr3	3325001	3350000	49.124
Chr3	3350001	3375000	49.716
Chr3	3375001	3400000	48.164
Chr3	3400001	3425000	48.032
Chr3	3425001	3450000	46.496
Chr3	3450001	3475000	47.128
Chr3	3475001	3500000	46.544
Chr3	3500001	3525000	46.484
Chr3	3525001	3550000	49.216
Chr3	3550001	3575000	49.068
Chr3	3575001	3600000	48.844
Chr3	3600001	3625000	48.06
Chr3	3625001	3650000	47.88
Chr3	3650001	3675000	48.34
Chr3	3675001	3700000	49.764
Chr3	3700001	3725000	49.316
Chr3	3725001	3750000	49.324
Chr3	3750001	3775000	48.34
Chr3	3775001	3800000	49.024
Chr3	3800001	3825000	48.28
Chr3	3825001	3850000	47.28
Chr3	3850001	3875000	47.896
Chr3	3875001	3900000	49.296
Chr3	3900001	3925000	48.868
Chr3	3925001	3950000	49.116
Chr3	3950001	3975000	48.88
Chr3	3975001	4000000	48.948
Chr3	4000001	4025000	48.112
Chr3	4025001	4050000	49.216
Chr3	4050001	4075000	49.36
Chr3	4075001	4100000	47.828
Chr3	4100001	4125000	50.868
Chr3	4125001	4150000	48.992
Chr3	4150001	4175000	49.008
Chr3	4175001	4200000	49.108
Chr3	4200001	4225000	50.172
Chr3	4225001	4250000	48.552
Chr3	4250001	4275000	48.096
Chr3	4275001	4300000	49.28
Chr3	4300001	4325000	48.752
Chr3	4325001	4350000	49.288
Chr3	4350001	4375000	49.476
Chr3	4375001	4400000	48.112
Chr3	4400001	4425000	48.336
Chr3	4425001	4450000	48.3
Chr3	4450001	4475000	48.576
Chr3	4475001	4500000	50.156
Chr3	4500001	4525000	49.08
Chr3	4525001	4550000	49.18
Chr3	4550001	4575000	48.648
Chr3	4575001	4600000	49.024
Chr3	4600001	4625000	49.476
Chr3	4625001	4650000	48.776
Chr3	4650001	4675000	48.26
Chr3	4675001	4700000	48.396
Chr3	4700001	4725000	49.304
Chr3	4725001	4750000	48.3
Chr3	4750001	4775000	49.144
Chr3	4775001	4800000	49.46
Chr3	4800001	4825000	49.176
Chr3	4825001	4850000	49.344
Chr3	4850001	4875000	49.504
Chr3	4875001	4900000	49.86
Chr3	4900001	4925000	48.672
Chr3	4925001	4950000	49.064
Chr3	4950001	4975000	49.356
Chr3	4975001	5000000	49.52
Chr3	5000001	5025000	49.212
Chr3	5025001	5050000	49.052
Chr3	5050001	5075000	48.536
Chr3	5075001	5100000	50.144
Chr3	5100001	5125000	49.828
Chr3	5125001	5150000	48.648
Chr3	5150001	5175000	48.9
Chr3	5175001	5200000	49.384
Chr3	5200001	5225000	48.424
Chr3	5225001	5250000	49.228
Chr3	5250001	5275000	48.348
Chr3	5275001	5300000	48.072
Chr3	5300001	5325000	48.384
Chr3	5325001	5350000	48.116
Chr3	5350001	5375000	11.424
Chr3	5375001	5400000	13.884
Chr3	5400001	5425000	40.62
Chr3	5425001	5450000	49.452
Chr3	5450001	5475000	49.276
Chr3	5475001	5500000	48.588
Chr3	5500001	5525000	49.448
Chr3	5525001	5550000	47.992
Chr3	5550001	5575000	49.316
Chr3	5575001	5600000	49.552
Chr3	5600001	5625000	48.288
Chr3	5625001	5650000	48.696
Chr3	5650001	5675000	49.688
Chr3	5675001	5700000	48.66
Chr3	5700001	5725000	48.692
Chr3	5725001	5750000	49.264
Chr3	5750001	5775000	48.792
Chr3	5775001	5800000	49.772
Chr3	5800001	5825000	48.02
Chr3	5825001	5850000	49.712
Chr3	5850001	5875000	49.024
Chr3	5875001	5900000	48.992
Chr3	5900001	5925000	49.804
Chr3	5925001	5950000	48.496
Chr3	5950001	5975000	48.508
Chr3	5975001	6000000	48.552
Chr3	6000001	6025000	47.636
Chr3	6025001	6050000	49.252
Chr3	6050001	6075000	50.344
Chr3	6075001	6100000	48.3
Chr3	6100001	6125000	48.228
Chr3	6125001	6150000	47.792
Chr3	6150001	6175000	49.316
Chr3	6175001	6200000	48.868
Chr3	6200001	6225000	47.668
Chr3	6225001	6250000	49.236
Chr3	6250001	6275000	48.332
Chr3	6275001	6300000	49.76
Chr3	6300001	6325000	51.468
Chr3	6325001	6350000	48.076
Chr3	6350001	6375000	46.384
Chr3	6375001	6400000	46.932
Chr3	6400001	6425000	46.24
Chr3	6425001	6450000	50.356
Chr3	6450001	6475000	47.716
Chr3	6475001	6500000	46.852
Chr3	6500001	6525000	47.452
Chr3	6525001	6550000	47.828
Chr3	6550001	6575000	47.584
Chr3	6575001	6600000	47.492
Chr3	6600001	6625000	47.916
Chr3	6625001	6650000	47.38
Chr3	6650001	6675000	47.072
Chr3	6675001	6700000	46.968
Chr3	6700001	6725000	47.384
Chr3	6725001	6750000	47.76
Chr3	6750001	6775000	48.176
Chr3	6775001	6800000	45.96
Chr3	6800001	6825000	47.324
Chr3	6825001	6850000	46.54
Chr3	6850001	6875000	47.776
Chr3	6875001	6900000	47.624
Chr3	6900001	6925000	48.252
Chr3	6925001	6950000	46.696
Chr3	6950001	6975000	47.804
Chr3	6975001	7000000	46.8
Chr3	7000001	7025000	31.74
Chr3	7025001	7050000	44.328
Chr3	7050001	7075000	46.748
Chr3	7075001	7100000	47.252
Chr3	7100001	7125000	47.888
Chr3	7125001	7150000	48.316
Chr3	7150001	7175000	47.864
Chr3	7175001	7200000	47.656
Chr3	7200001	7225000	48.448
Chr3	7225001	7250000	48.66
Chr3	7250001	7275000	47.348
Chr3	7275001	7300000	48.2
Chr3	7300001	7325000	47.156
Chr3	7325001	7350000	47.216
Chr3	7350001	7375000	46.652
Chr3	7375001	7400000	46.412
Chr3	7400001	7425000	46.648
Chr3	7425001	7450000	47.416
Chr3	7450001	7475000	48.12
Chr3	7475001	7500000	46.916
Chr3	7500001	7525000	46.804
Chr3	7525001	7550000	49.536
Chr3	7550001	7575000	45.748
Chr3	7575001	7600000	47.168
Chr3	7600001	7625000	45.4
Chr3	7625001	7650000	46.92
Chr3	7650001	7675000	47.488
Chr3	7675001	7700000	47.184
Chr3	7700001	7725000	45.72
Chr3	7725001	7750000	46.18
Chr3	7750001	7775000	42.752
Chr3	7775001	7800000	25.3858583607288
Chr4	1	25000	34.964
Chr4	25001	50000	42.976
Chr4	50001	75000	44.892
Chr4	75001	100000	47.736
Chr4	100001	125000	48.804
Chr4	125001	150000	45
Chr4	150001	175000	48.072
Chr4	175001	200000	46.464
Chr4	200001	225000	45.2
Chr4	225001	250000	49.956
Chr4	250001	275000	48.94
Chr4	275001	300000	49.552
Chr4	300001	325000	48.232
Chr4	325001	350000	49.908
Chr4	350001	375000	48.704
Chr4	375001	400000	48.204
Chr4	400001	425000	47.924
Chr4	425001	450000	49.128
Chr4	450001	475000	48.328
Chr4	475001	500000	51.348
Chr4	500001	525000	50.004
Chr4	525001	550000	48.908
Chr4	550001	575000	48.052
Chr4	575001	600000	48.136
Chr4	600001	625000	48.692
Chr4	625001	650000	49.236
Chr4	650001	675000	50.02
Chr4	675001	700000	49.656
Chr4	700001	725000	49.384
Chr4	725001	750000	48.616
Chr4	750001	775000	49.08
Chr4	775001	800000	49.848
Chr4	800001	825000	48.952
Chr4	825001	850000	49.564
Chr4	850001	875000	48.76
Chr4	875001	900000	48.992
Chr4	900001	925000	50.74
Chr4	925001	950000	49.156
Chr4	950001	975000	48.64
Chr4	975001	1000000	48.94
Chr4	1000001	1025000	47.744
Chr4	1025001	1050000	48.488
Chr4	1050001	1075000	48.324
Chr4	1075001	1100000	47.84
Chr4	1100001	1125000	49.384
Chr4	1125001	1150000	48.476
Chr4	1150001	1175000	49.32
Chr4	1175001	1200000	48.128
Chr4	1200001	1225000	48.408
Chr4	1225001	1250000	48.764
Chr4	1250001	1275000	49.188
Chr4	1275001	1300000	49.668
Chr4	1300001	1325000	48.796
Chr4	1325001	1350000	47.956
Chr4	1350001	1375000	49.744
Chr4	1375001	1400000	48.696
Chr4	1400001	1425000	49.072
Chr4	1425001	1450000	49.592
Chr4	1450001	1475000	49.152
Chr4	1475001	1500000	49.376
Chr4	1500001	1525000	49.788
Chr4	1525001	1550000	48.516
Chr4	1550001	1575000	48.984
Chr4	1575001	1600000	49.028
Chr4	1600001	1625000	48.228
Chr4	1625001	1650000	48.608
Chr4	1650001	1675000	49.352
Chr4	1675001	1700000	48.964
Chr4	1700001	1725000	48.42
Chr4	1725001	1750000	49.288
Chr4	1750001	1775000	49.08
Chr4	1775001	1800000	49.62
Chr4	1800001	1825000	49.48
Chr4	1825001	1850000	50.968
Chr4	1850001	1875000	48.98
Chr4	1875001	1900000	49.116
Chr4	1900001	1925000	48.9
Chr4	1925001	1950000	47.972
Chr4	1950001	1975000	48.316
Chr4	1975001	2000000	49.012
Chr4	2000001	2025000	50.388
Chr4	2025001	2050000	49.172
Chr4	2050001	2075000	49.164
Chr4	2075001	2100000	49.28
Chr4	2100001	2125000	48.672
Chr4	2125001	2150000	48.844
Chr4	2150001	2175000	49.728
Chr4	2175001	2200000	48.988
Chr4	2200001	2225000	48.744
Chr4	2225001	2250000	48.112
Chr4	2250001	2275000	50.188
Chr4	2275001	2300000	48.644
Chr4	2300001	2325000	48.356
Chr4	2325001	2350000	49.124
Chr4	2350001	2375000	50.08
Chr4	2375001	2400000	49.348
Chr4	2400001	2425000	48.984
Chr4	2425001	2450000	48.876
Chr4	2450001	2475000	49.312
Chr4	2475001	2500000	48.948
Chr4	2500001	2525000	49.22
Chr4	2525001	2550000	48.12
Chr4	2550001	2575000	49.92
Chr4	2575001	2600000	48.044
Chr4	2600001	2625000	48.948
Chr4	2625001	2650000	48.448
Chr4	2650001	2675000	48.404
Chr4	2675001	2700000	49.056
Chr4	2700001	2725000	49.428
Chr4	2725001	2750000	48.192
Chr4	2750001	2775000	48.912
Chr4	2775001	2800000	47.796
Chr4	2800001	2825000	48.836
Chr4	2825001	2850000	48.888
Chr4	2850001	2875000	50.316
Chr4	2875001	2900000	49.372
Chr4	2900001	2925000	48.74
Chr4	2925001	2950000	49.928
Chr4	2950001	2975000	49.216
Chr4	2975001	3000000	48.768
Chr4	3000001	3025000	48.812
Chr4	3025001	3050000	49.552
Chr4	3050001	3075000	47.808
Chr4	3075001	3100000	49.468
Chr4	3100001	3125000	49.252
Chr4	3125001	3150000	49.116
Chr4	3150001	3175000	48.8
Chr4	3175001	3200000	49.092
Chr4	3200001	3225000	49.4
Chr4	3225001	3250000	47.948
Chr4	3250001	3275000	46.48
Chr4	3275001	3300000	47.836
Chr4	3300001	3325000	49.144
Chr4	3325001	3350000	48.544
Chr4	3350001	3375000	48.16
Chr4	3375001	3400000	46.948
Chr4	3400001	3425000	48.664
Chr4	3425001	3450000	48.276
Chr4	3450001	3475000	47.92
Chr4	3475001	3500000	48.7
Chr4	3500001	3525000	49.988
Chr4	3525001	3550000	49.42
Chr4	3550001	3575000	48.864
Chr4	3575001	3600000	48.8
Chr4	3600001	3625000	49.288
Chr4	3625001	3650000	49.24
Chr4	3650001	3675000	48.104
Chr4	3675001	3700000	48.568
Chr4	3700001	3725000	48.86
Chr4	3725001	3750000	48.484
Chr4	3750001	3775000	50
Chr4	3775001	3800000	47.812
Chr4	3800001	3825000	49.268
Chr4	3825001	3850000	49.584
Chr4	3850001	3875000	48.072
Chr4	3875001	3900000	47.712
Chr4	3900001	3925000	46.608
Chr4	3925001	3950000	47.348
Chr4	3950001	3975000	48.156
Chr4	3975001	4000000	46.864
Chr4	4000001	4025000	48.084
Chr4	4025001	4050000	48.044
Chr4	4050001	4075000	47.484
Chr4	4075001	4100000	46.996
Chr4	4100001	4125000	46.892
Chr4	4125001	4150000	48.076
Chr4	4150001	4175000	46.9
Chr4	4175001	4200000	47.408
Chr4	4200001	4225000	48.196
Chr4	4225001	4250000	46.48
Chr4	4250001	4275000	46.764
Chr4	4275001	4300000	45.988
Chr4	4300001	4325000	46.056
Chr4	4325001	4350000	46.14
Chr4	4350001	4375000	46.136
Chr4	4375001	4400000	45.248
Chr4	4400001	4425000	45.152
Chr4	4425001	4450000	47.248
Chr4	4450001	4475000	46.656
Chr4	4475001	4500000	47.076
Chr4	4500001	4525000	46.78
Chr4	4525001	4550000	48.892
Chr4	4550001	4575000	46.02
Chr4	4575001	4600000	46.008
Chr4	4600001	4625000	48.652
Chr4	4625001	4650000	48.26
Chr4	4650001	4675000	46.396
Chr4	4675001	4700000	48.312
Chr4	4700001	4725000	48.612
Chr4	4725001	4750000	49.968
Chr4	4750001	4775000	47.524
Chr4	4775001	4800000	48.664
Chr4	4800001	4825000	47.324
Chr4	4825001	4850000	47.856
Chr4	4850001	4875000	47.628
Chr4	4875001	4900000	49.684
Chr4	4900001	4925000	49.592
Chr4	4925001	4950000	50.12
Chr4	4950001	4975000	48.592
Chr4	4975001	5000000	48.968
Chr4	5000001	5025000	48.004
Chr4	5025001	5050000	40.376
Chr4	5050001	5075000	12.056
Chr4	5075001	5100000	11.608
Chr4	5100001	5125000	42.108
Chr4	5125001	5150000	49.336
Chr4	5150001	5175000	49.504
Chr4	5175001	5200000	48.292
Chr4	5200001	5225000	47.596
Chr4	5225001	5250000	47.256
Chr4	5250001	5275000	49.312
Chr4	5275001	5300000	49.536
Chr4	5300001	5325000	48.996
Chr4	5325001	5350000	48.996
Chr4	5350001	5375000	49.832
Chr4	5375001	5400000	49.112
Chr4	5400001	5425000	49.264
Chr4	5425001	5450000	48.42
Chr4	5450001	5475000	49.004
Chr4	5475001	5500000	48.696
Chr4	5500001	5525000	48.82
Chr4	5525001	5550000	48.896
Chr4	5550001	5575000	49.436
Chr4	5575001	5600000	48.936
Chr4	5600001	5625000	48.536
Chr4	5625001	5650000	49.192
Chr4	5650001	5675000	47.744
Chr4	5675001	5700000	48.04
Chr4	5700001	5725000	48.684
Chr4	5725001	5750000	48.004
Chr4	5750001	5775000	49.848
Chr4	5775001	5800000	47.636
Chr4	5800001	5825000	48.84
Chr4	5825001	5850000	50.084
Chr4	5850001	5875000	49.668
Chr4	5875001	5900000	48.14
Chr4	5900001	5925000	48.2
Chr4	5925001	5950000	49.016
Chr4	5950001	5975000	49.88
Chr4	5975001	6000000	48.36
Chr4	6000001	6025000	49.904
Chr4	6025001	6050000	49.664
Chr4	6050001	6075000	49.62
Chr4	6075001	6100000	48.716
Chr4	6100001	6125000	49.36
Chr4	6125001	6150000	49.976
Chr4	6150001	6175000	49.172
Chr4	6175001	6200000	49.048
Chr4	6200001	6225000	49.552
Chr4	6225001	6250000	49.52
Chr4	6250001	6275000	48.452
Chr4	6275001	6300000	49.46
Chr4	6300001	6325000	48.2
Chr4	6325001	6350000	50
Chr4	6350001	6375000	49.668
Chr4	6375001	6400000	48.548
Chr4	6400001	6425000	47.828
Chr4	6425001	6450000	47.172
Chr4	6450001	6475000	50.172
Chr4	6475001	6500000	48.536
Chr4	6500001	6525000	48.56
Chr4	6525001	6550000	51.184
Chr4	6550001	6575000	47.56
Chr4	6575001	6600000	49.204
Chr4	6600001	6625000	49.132
Chr4	6625001	6650000	48.168
Chr4	6650001	6675000	48.4
Chr4	6675001	6700000	48.312
Chr4	6700001	6725000	49.296
Chr4	6725001	6750000	48.5
Chr4	6750001	6775000	48.156
Chr4	6775001	6800000	48.66
Chr4	6800001	6825000	47.076
Chr4	6825001	6850000	46.796
Chr4	6850001	6875000	49.564
Chr4	6875001	6900000	47
Chr4	6900001	6925000	48.152
Chr4	6925001	6950000	49.896
Chr4	6950001	6975000	48.532
Chr4	6975001	7000000	49.576
Chr4	7000001	7025000	48.564
Chr4	7025001	7050000	47.356
Chr4	7050001	7075000	49.588
Chr4	7075001	7100000	49.644
Chr4	7100001	7125000	48.664
Chr4	7125001	7150000	48.856
Chr4	7150001	7175000	48.18
Chr4	7175001	7200000	50.168
Chr4	7200001	7225000	49.496
Chr4	7225001	7250000	49.528
Chr4	7250001	7275000	48.048
Chr4	7275001	7300000	48.312
Chr4	7300001	7325000	48.508
Chr4	7325001	7350000	46.564
Chr4	7350001	7375000	49.372
Chr4	7375001	7400000	46.388
Chr4	7400001	7425000	49.076
Chr4	7425001	7450000	48.292
Chr4	7450001	7475000	47.412
Chr4	7475001	7500000	46.9
Chr4	7500001	7525000	46.584
Chr4	7525001	7550000	46.712
Chr4	7550001	7575000	45.964
Chr4	7575001	7600000	46.696
Chr4	7600001	7625000	46.256
Chr4	7625001	7650000	47.552
Chr4	7650001	7675000	45.696
Chr4	7675001	7700000	45.88
Chr4	7700001	7725000	46.308
Chr4	7725001	7750000	48.256
Chr4	7750001	7775000	47.152
Chr4	7775001	7800000	48.788
Chr4	7800001	7825000	49.692
Chr4	7825001	7850000	48.292
Chr4	7850001	7875000	49.136
Chr4	7875001	7900000	49.228
Chr4	7900001	7925000	48.628
Chr4	7925001	7950000	47.656
Chr4	7950001	7975000	49.256
Chr4	7975001	8000000	48.984
Chr4	8000001	8025000	50.628
Chr4	8025001	8050000	52.212
Chr4	8050001	8075000	52.332
Chr4	8075001	8100000	52.12
Chr4	8100001	8125000	52.016
Chr4	8125001	8150000	52.116
Chr4	8150001	8175000	52.384
Chr4	8175001	8200000	52.108
Chr4	8200001	8225000	51.968
Chr4	8225001	8250000	51.88
Chr4	8250001	8275000	52.5
Chr4	8275001	8300000	52.148
Chr4	8300001	8325000	52.088
Chr4	8325001	8350000	51.952
Chr4	8350001	8375000	52.264
Chr4	8375001	8400000	52.256
Chr4	8400001	8425000	52.168
Chr4	8425001	8450000	51.98
Chr4	8450001	8475000	52.092
Chr4	8475001	8500000	52.412
Chr4	8500001	8525000	52.12
Chr4	8525001	8550000	51.968
Chr4	8550001	8575000	51.976
Chr4	8575001	8600000	52.464
Chr4	8600001	8625000	52.112
Chr4	8625001	8650000	52.06
Chr4	8650001	8675000	51.944
Chr4	8675001	8700000	52.308
Chr4	8700001	8725000	52.192
Chr4	8725001	8750000	52.156
Chr4	8750001	8775000	51.928
Chr4	8775001	8800000	52.22
Chr4	8800001	8825000	52.344
Chr4	8825001	8850000	52.076
Chr4	8850001	8875000	52.052
Chr4	8875001	8900000	52.056
Chr4	8900001	8925000	52.4
Chr4	8925001	8950000	52.08
Chr4	8950001	8975000	51.988
Chr4	8975001	9000000	51.912
Chr4	9000001	9025000	52.488
Chr4	9025001	9050000	52.172
Chr4	9050001	9075000	52.076
Chr4	9075001	9100000	51.964
Chr4	9100001	9125000	52.204
Chr4	9125001	9150000	52.324
Chr4	9150001	9175000	52.12
Chr4	9175001	9200000	52.004
Chr4	9200001	9225000	52.084
Chr4	9225001	9250000	52.428
Chr4	9250001	9275000	52.108
Chr4	9275001	9300000	51.968
Chr4	9300001	9325000	51.912
Chr4	9325001	9350000	52.504
Chr4	9350001	9375000	52.124
Chr4	9375001	9400000	51.604
Chr4	9400001	9425000	51.473136915078
ChrHG970330	1	25000	35.7338351009237
ChrMt	1	25000	34.764
ChrMt	25001	50000	30.924
ChrMt	50001	75000	29.252
ChrMt	75001	100000	32.5128403915108
