The input file has 18 sequences
Sequence Length: 297
Compare Sequences_names     Codons  Compared Ambiguous Indels     Ns
0   1   92UG037   U455        99        99        0        0      0
0   2   92UG037   HAN         99        99        0        0      0
0   3   92UG037   D31         99        99        0        0      0
0   4   92UG037   RF          99        99        0        0      0
0   5   92UG037   YU2         99        99        0        0      0
0   6   92UG037   BCSG3C      99        99        0        0      0
0   7   92UG037   C18MBC      99        99        0        0      0
0   8   92UG037   ACH3202A12   99        99        0        0      0
0   9   92UG037   WR27        99        99        0        0      0
0   10  92UG037   WEAU160     99        99        0        0      0
0   11  92UG037   92BRO25     99        99        0        0      0
0   12  92UG037   ETH2220     99        99        0        0      0
0   13  92UG037   ELI         99        99        0        0      0
0   14  92UG037   Z2Z6        99        99        0        0      0
0   15  92UG037   NDK         99        99        0        0      0
0   16  92UG037   ANT70       99        99        0        0      0
0   17  92UG037   MVP5180     99        99        0        0      0
1   2   U455      HAN         99        99        0        0      0
1   3   U455      D31         99        99        0        0      0
1   4   U455      RF          99        99        0        0      0
1   5   U455      YU2         99        99        0        0      0
1   6   U455      BCSG3C      99        99        0        0      0
1   7   U455      C18MBC      99        99        0        0      0
1   8   U455      ACH3202A12   99        99        0        0      0
1   9   U455      WR27        99        99        0        0      0
1   10  U455      WEAU160     99        99        0        0      0
1   11  U455      92BRO25     99        99        0        0      0
1   12  U455      ETH2220     99        99        0        0      0
1   13  U455      ELI         99        99        0        0      0
1   14  U455      Z2Z6        99        99        0        0      0
1   15  U455      NDK         99        99        0        0      0
1   16  U455      ANT70       99        99        0        0      0
1   17  U455      MVP5180     99        99        0        0      0
2   3   HAN       D31         99        99        0        0      0
2   4   HAN       RF          99        99        0        0      0
2   5   HAN       YU2         99        99        0        0      0
2   6   HAN       BCSG3C      99        99        0        0      0
2   7   HAN       C18MBC      99        99        0        0      0
2   8   HAN       ACH3202A12   99        99        0        0      0
2   9   HAN       WR27        99        99        0        0      0
2   10  HAN       WEAU160     99        99        0        0      0
2   11  HAN       92BRO25     99        99        0        0      0
2   12  HAN       ETH2220     99        99        0        0      0
2   13  HAN       ELI         99        99        0        0      0
2   14  HAN       Z2Z6        99        99        0        0      0
2   15  HAN       NDK         99        99        0        0      0
2   16  HAN       ANT70       99        99        0        0      0
2   17  HAN       MVP5180     99        99        0        0      0
3   4   D31       RF          99        99        0        0      0
3   5   D31       YU2         99        99        0        0      0
3   6   D31       BCSG3C      99        99        0        0      0
3   7   D31       C18MBC      99        99        0        0      0
3   8   D31       ACH3202A12   99        99        0        0      0
3   9   D31       WR27        99        99        0        0      0
3   10  D31       WEAU160     99        99        0        0      0
3   11  D31       92BRO25     99        99        0        0      0
3   12  D31       ETH2220     99        99        0        0      0
3   13  D31       ELI         99        99        0        0      0
3   14  D31       Z2Z6        99        99        0        0      0
3   15  D31       NDK         99        99        0        0      0
3   16  D31       ANT70       99        99        0        0      0
3   17  D31       MVP5180     99        99        0        0      0
4   5   RF        YU2         99        99        0        0      0
4   6   RF        BCSG3C      99        99        0        0      0
4   7   RF        C18MBC      99        99        0        0      0
4   8   RF        ACH3202A12   99        99        0        0      0
4   9   RF        WR27        99        99        0        0      0
4   10  RF        WEAU160     99        99        0        0      0
4   11  RF        92BRO25     99        99        0        0      0
4   12  RF        ETH2220     99        99        0        0      0
4   13  RF        ELI         99        99        0        0      0
4   14  RF        Z2Z6        99        99        0        0      0
4   15  RF        NDK         99        99        0        0      0
4   16  RF        ANT70       99        99        0        0      0
4   17  RF        MVP5180     99        99        0        0      0
5   6   YU2       BCSG3C      99        99        0        0      0
5   7   YU2       C18MBC      99        99        0        0      0
5   8   YU2       ACH3202A12   99        99        0        0      0
5   9   YU2       WR27        99        99        0        0      0
5   10  YU2       WEAU160     99        99        0        0      0
5   11  YU2       92BRO25     99        99        0        0      0
5   12  YU2       ETH2220     99        99        0        0      0
5   13  YU2       ELI         99        99        0        0      0
5   14  YU2       Z2Z6        99        99        0        0      0
5   15  YU2       NDK         99        99        0        0      0
5   16  YU2       ANT70       99        99        0        0      0
5   17  YU2       MVP5180     99        99        0        0      0
6   7   BCSG3C    C18MBC      99        99        0        0      0
6   8   BCSG3C    ACH3202A12   99        99        0        0      0
6   9   BCSG3C    WR27        99        99        0        0      0
6   10  BCSG3C    WEAU160     99        99        0        0      0
6   11  BCSG3C    92BRO25     99        99        0        0      0
6   12  BCSG3C    ETH2220     99        99        0        0      0
6   13  BCSG3C    ELI         99        99        0        0      0
6   14  BCSG3C    Z2Z6        99        99        0        0      0
6   15  BCSG3C    NDK         99        99        0        0      0
6   16  BCSG3C    ANT70       99        99        0        0      0
6   17  BCSG3C    MVP5180     99        99        0        0      0
7   8   C18MBC    ACH3202A12   99        99        0        0      0
7   9   C18MBC    WR27        99        99        0        0      0
7   10  C18MBC    WEAU160     99        99        0        0      0
7   11  C18MBC    92BRO25     99        99        0        0      0
7   12  C18MBC    ETH2220     99        99        0        0      0
7   13  C18MBC    ELI         99        99        0        0      0
7   14  C18MBC    Z2Z6        99        99        0        0      0
7   15  C18MBC    NDK         99        99        0        0      0
7   16  C18MBC    ANT70       99        99        0        0      0
7   17  C18MBC    MVP5180     99        99        0        0      0
8   9   ACH3202A12 WR27        99        99        0        0      0
8   10  ACH3202A12 WEAU160     99        99        0        0      0
8   11  ACH3202A12 92BRO25     99        99        0        0      0
8   12  ACH3202A12 ETH2220     99        99        0        0      0
8   13  ACH3202A12 ELI         99        99        0        0      0
8   14  ACH3202A12 Z2Z6        99        99        0        0      0
8   15  ACH3202A12 NDK         99        99        0        0      0
8   16  ACH3202A12 ANT70       99        99        0        0      0
8   17  ACH3202A12 MVP5180     99        99        0        0      0
9   10  WR27      WEAU160     99        99        0        0      0
9   11  WR27      92BRO25     99        99        0        0      0
9   12  WR27      ETH2220     99        99        0        0      0
9   13  WR27      ELI         99        99        0        0      0
9   14  WR27      Z2Z6        99        99        0        0      0
9   15  WR27      NDK         99        99        0        0      0
9   16  WR27      ANT70       99        99        0        0      0
9   17  WR27      MVP5180     99        99        0        0      0
10  11  WEAU160   92BRO25     99        99        0        0      0
10  12  WEAU160   ETH2220     99        99        0        0      0
10  13  WEAU160   ELI         99        99        0        0      0
10  14  WEAU160   Z2Z6        99        99        0        0      0
10  15  WEAU160   NDK         99        99        0        0      0
10  16  WEAU160   ANT70       99        99        0        0      0
10  17  WEAU160   MVP5180     99        99        0        0      0
11  12  92BRO25   ETH2220     99        99        0        0      0
11  13  92BRO25   ELI         99        99        0        0      0
11  14  92BRO25   Z2Z6        99        99        0        0      0
11  15  92BRO25   NDK         99        99        0        0      0
11  16  92BRO25   ANT70       99        99        0        0      0
11  17  92BRO25   MVP5180     99        99        0        0      0
12  13  ETH2220   ELI         99        99        0        0      0
12  14  ETH2220   Z2Z6        99        99        0        0      0
12  15  ETH2220   NDK         99        99        0        0      0
12  16  ETH2220   ANT70       99        99        0        0      0
12  17  ETH2220   MVP5180     99        99        0        0      0
13  14  ELI       Z2Z6        99        99        0        0      0
13  15  ELI       NDK         99        99        0        0      0
13  16  ELI       ANT70       99        99        0        0      0
13  17  ELI       MVP5180     99        99        0        0      0
14  15  Z2Z6      NDK         99        99        0        0      0
14  16  Z2Z6      ANT70       99        99        0        0      0
14  17  Z2Z6      MVP5180     99        99        0        0      0
15  16  NDK       ANT70       99        99        0        0      0
15  17  NDK       MVP5180     99        99        0        0      0
16  17  ANT70     MVP5180     99        99        0        0      0
