#k codon indel-tally syn-tally nonsyn-tally
#k The number of codons is: 99
#k The average behavior for 153 comparisons:  
#k             Cumulative             Per Codon       
#k         __________________    __________________ 
#k codon   indel  syn  nonsyn    indel  syn  nonsyn  aa
   1       0.00   0.00   0.00    0.00   0.00   0.00  P 
   2       0.00   0.47   0.00    0.00   0.47   0.00  Q 
   3       0.00   0.47   0.00    0.00   0.00   0.00  I 
   4       0.00   0.47   0.21    0.00   0.00   0.21  P 
   5       0.00   0.47   0.21    0.00   0.00   0.00  L 
   6       0.00   0.47   0.32    0.00   0.00   0.11  W 
   7       0.00   0.73   0.74    0.00   0.25   0.42  D 
   8       0.00   0.93   0.74    0.00   0.21   0.00  R 
   9       0.00   1.32   0.74    0.00   0.39   0.00  P 
  10       0.00   1.92   1.03    0.00   0.60   0.29  I 
  11       0.00   2.22   1.03    0.00   0.29   0.00  V 
  12       0.00   2.27   1.41    0.00   0.06   0.38  T 
  13       0.00   2.27   2.04    0.00   0.00   0.63  A 
  14       0.00   2.74   2.15    0.00   0.47   0.11  R 
  15       0.00   2.95   2.45    0.00   0.21   0.29  V 
  16       0.00   3.06   2.56    0.00   0.11   0.11  G 
  17       0.00   3.69   2.56    0.00   0.63   0.00  G 
  18       0.00   4.11   2.77    0.00   0.42   0.21  H 
  19       0.00   4.59   2.89    0.00   0.48   0.12  L 
  20       0.00   4.74   3.65    0.00   0.14   0.76  C 
  21       0.00   5.10   3.76    0.00   0.37   0.11  E 
  22       0.00   5.10   3.88    0.00   0.00   0.11  V 
  23       0.00   5.59   3.90    0.00   0.49   0.03  L 
  24       0.00   6.01   3.90    0.00   0.42   0.00  L 
  25       0.00   6.22   3.90    0.00   0.21   0.00  D 
  26       0.00   6.22   3.90    0.00   0.00   0.00  T 
  27       0.00   6.33   3.90    0.00   0.11   0.00  G 
  28       0.00   6.33   3.90    0.00   0.00   0.00  A 
  29       0.00   6.33   3.90    0.00   0.00   0.00  D 
  30       0.00   6.44   3.90    0.00   0.11   0.00  D 
  31       0.00   6.44   3.90    0.00   0.00   0.00  T 
  32       0.00   6.56   3.90    0.00   0.11   0.00  V 
  33       0.00   6.66   4.01    0.00   0.10   0.11  L 
  34       0.00   6.67   4.43    0.00   0.01   0.42  N 
  35       0.00   6.67   5.11    0.00   0.00   0.68  N 
  36       0.00   6.67   5.61    0.00   0.00   0.50  I 
  37       0.00   6.68   6.48    0.00   0.01   0.87  Q 
  38       0.00   6.79   6.48    0.00   0.11   0.00  L 
  39       0.00   6.79   6.90    0.00   0.00   0.42  E 
  40       0.00   7.00   6.90    0.00   0.21   0.00  G 
  41       0.00   7.00   7.52    0.00   0.00   0.61  K 
  42       0.00   7.00   7.52    0.00   0.00   0.00  W 
  43       0.00   7.21   7.63    0.00   0.21   0.11  K 
  44       0.00   7.21   7.63    0.00   0.00   0.00  P 
  45       0.00   7.21   7.63    0.00   0.00   0.00  K 
  46       0.00   7.21   7.74    0.00   0.00   0.11  M 
  47       0.00   7.21   7.85    0.00   0.00   0.11  I 
  48       0.00   7.50   7.85    0.00   0.29   0.00  G 
  49       0.00   7.71   7.85    0.00   0.21   0.00  G 
  50       0.00   7.92   7.85    0.00   0.21   0.00  I 
  51       0.00   8.03   7.85    0.00   0.11   0.00  G 
  52       0.00   8.14   7.85    0.00   0.11   0.00  G 
  53       0.00   8.25   7.85    0.00   0.11   0.00  F 
  54       0.00   8.56   7.85    0.00   0.31   0.00  I 
  55       0.00   8.67   7.85    0.00   0.11   0.00  K 
  56       0.00   8.78   7.85    0.00   0.11   0.00  V 
  57       0.00   8.99   8.22    0.00   0.21   0.37  K 
  58       0.00   9.20   8.42    0.00   0.21   0.21  E 
  59       0.00   9.20   8.42    0.00   0.00   0.00  Y 
  60       0.00   9.31   8.54    0.00   0.11   0.11  D 
  61       0.00   9.73   9.05    0.00   0.41   0.52  N 
  62       0.00   9.93   9.44    0.00   0.21   0.39  V 
  63       0.00  10.46  10.35    0.00   0.52   0.91  T 
  64       0.00  10.46  10.72    0.00   0.00   0.37  V 
  65       0.00  10.46  10.72    0.00   0.00   0.00  E 
  66       0.00  11.04  10.83    0.00   0.58   0.11  I 
  67       0.00  11.21  11.40    0.00   0.17   0.56  E 
  68       0.00  11.32  11.40    0.00   0.11   0.00  G 
  69       0.00  11.43  12.52    0.00   0.11   1.12  R 
  70       0.00  11.86  12.73    0.00   0.42   0.21  E 
  71       0.00  12.07  13.05    0.00   0.21   0.32  V 
  72       0.00  12.20  13.63    0.00   0.13   0.58  Q 
  73       0.00  12.41  13.63    0.00   0.21   0.00  G 
  74       0.00  12.41  13.63    0.00   0.00   0.00  T 
  75       0.00  12.41  13.63    0.00   0.00   0.00  V 
  76       0.00  12.98  13.63    0.00   0.58   0.00  L 
  77       0.00  13.19  13.63    0.00   0.21   0.00  V 
  78       0.00  13.19  13.63    0.00   0.00   0.00  G 
  79       0.00  13.19  13.63    0.00   0.00   0.00  P 
  80       0.00  13.50  13.63    0.00   0.31   0.00  T 
  81       0.00  13.50  13.63    0.00   0.00   0.00  P 
  82       0.00  13.71  13.63    0.00   0.21   0.00  V 
  83       0.00  13.92  13.63    0.00   0.21   0.00  N 
  84       0.00  14.13  13.63    0.00   0.21   0.00  I 
  85       0.00  14.24  13.74    0.00   0.11   0.11  I 
  86       0.00  14.45  13.74    0.00   0.22   0.00  G 
  87       0.00  14.56  13.74    0.00   0.11   0.00  R 
  88       0.00  14.86  13.74    0.00   0.29   0.00  N 
  89       0.00  15.14  14.34    0.00   0.29   0.60  I 
  90       0.00  15.14  14.34    0.00   0.00   0.00  L 
  91       0.00  15.67  14.34    0.00   0.52   0.00  T 
  92       0.00  15.96  14.86    0.00   0.29   0.52  G 
  93       0.00  16.08  15.34    0.00   0.12   0.48  L 
  94       0.00  16.66  15.34    0.00   0.58   0.00  G 
  95       0.00  17.09  15.45    0.00   0.42   0.11  C 
  96       0.00  17.45  15.45    0.00   0.37   0.00  T 
  97       0.00  17.82  15.45    0.00   0.37   0.00  L 
  98       0.00  18.03  15.45    0.00   0.21   0.00  N 
  99       0.00  18.32  15.45    0.00   0.29   0.00  F 
