  18
92UG037       0.0000  0.0300  0.0600  0.0500  0.0400  0.0500  0.0500  0.0500  0.0500
  0.0700  0.0500  0.0500  0.0400  0.0500  0.0400  0.0400  0.2000  0.2100
U455          0.0300  0.0000  0.0600  0.0500  0.0400  0.0500  0.0500  0.0600  0.0600
  0.0800  0.0500  0.0500  0.0400  0.0500  0.0400  0.0400  0.2100  0.2200
HAN           0.0600  0.0600  0.0000  0.0100  0.0300  0.0200  0.0200  0.0300  0.0200
  0.0300  0.0400  0.0600  0.0500  0.0300  0.0200  0.0300  0.2400  0.2400
D31           0.0500  0.0500  0.0100  0.0000  0.0200  0.0100  0.0100  0.0300  0.0100
  0.0200  0.0300  0.0500  0.0400  0.0200  0.0100  0.0200  0.2400  0.2400
RF            0.0400  0.0400  0.0300  0.0200  0.0000  0.0200  0.0200  0.0300  0.0200
  0.0400  0.0300  0.0500  0.0400  0.0200  0.0100  0.0200  0.2200  0.2300
YU2           0.0500  0.0500  0.0200  0.0100  0.0200  0.0000  -0.0000  0.0300  0.0000
  0.0200  0.0200  0.0500  0.0400  0.0100  0.0100  0.0200  0.2300  0.2300
BCSG3C        0.0500  0.0500  0.0200  0.0100  0.0200  -0.0000  0.0000  0.0300  0.0000
  0.0200  0.0200  0.0500  0.0400  0.0100  0.0100  0.0200  0.2300  0.2300
C18MBC        0.0500  0.0600  0.0300  0.0300  0.0300  0.0300  0.0300  0.0000  0.0400
  0.0600  0.0300  0.0700  0.0500  0.0400  0.0200  0.0400  0.2100  0.2200
ACH3202A12    0.0500  0.0600  0.0200  0.0100  0.0200  0.0000  0.0000  0.0400  0.0000
  0.0300  0.0200  0.0600  0.0400  0.0200  0.0100  0.0300  0.2300  0.2300
WR27          0.0700  0.0800  0.0300  0.0200  0.0400  0.0200  0.0200  0.0600  0.0300
  0.0000  0.0400  0.0800  0.0600  0.0300  0.0300  0.0500  0.2600  0.2600
WEAU160       0.0500  0.0500  0.0400  0.0300  0.0300  0.0200  0.0200  0.0300  0.0200
  0.0400  0.0000  0.0600  0.0500  0.0200  0.0200  0.0300  0.2100  0.2300
92BRO25       0.0500  0.0500  0.0600  0.0500  0.0500  0.0500  0.0500  0.0700  0.0600
  0.0800  0.0600  0.0000  0.0300  0.0500  0.0400  0.0400  0.2200  0.2300
ETH2220       0.0400  0.0400  0.0500  0.0400  0.0400  0.0400  0.0400  0.0500  0.0400
  0.0600  0.0500  0.0300  0.0000  0.0400  0.0300  0.0300  0.2200  0.2300
ELI           0.0500  0.0500  0.0300  0.0200  0.0200  0.0100  0.0100  0.0400  0.0200
  0.0300  0.0200  0.0500  0.0400  0.0000  0.0100  0.0300  0.2200  0.2400
Z2Z6          0.0400  0.0400  0.0200  0.0100  0.0100  0.0100  0.0100  0.0200  0.0100
  0.0300  0.0200  0.0400  0.0300  0.0100  0.0000  0.0100  0.2300  0.2400
NDK           0.0400  0.0400  0.0300  0.0200  0.0200  0.0200  0.0200  0.0400  0.0300
  0.0500  0.0300  0.0400  0.0300  0.0300  0.0100  0.0000  0.2200  0.2400
ANT70         0.2000  0.2100  0.2400  0.2400  0.2200  0.2300  0.2300  0.2100  0.2300
  0.2600  0.2100  0.2200  0.2200  0.2200  0.2300  0.2200  0.0000  0.0400
MVP5180       0.2100  0.2200  0.2400  0.2400  0.2300  0.2300  0.2300  0.2200  0.2300
  0.2600  0.2300  0.2300  0.2300  0.2400  0.2400  0.2400  0.0400  0.0000