  18
92UG037       0.0000  0.1800  0.3000  0.3200  0.3200  0.3000  0.3600  0.3200  0.2600
  0.2800  0.3200  0.4300  0.4700  0.3000  0.2800  0.2600  0.9300  1.0300
U455          0.1800  0.0000  0.2600  0.2900  0.2900  0.2700  0.3300  0.2500  0.2700
  0.2400  0.2500  0.3400  0.4000  0.2700  0.2500  0.2700  0.9900  1.2300
HAN           0.3000  0.2600  0.0000  0.0900  0.0800  0.0400  0.1100  0.1400  0.0600
  0.0800  0.0800  0.3100  0.3600  0.2000  0.2000  0.1400  0.9800  1.0000
D31           0.3200  0.2900  0.0900  0.0000  0.0800  0.0800  0.1100  0.1500  0.0600
  0.0600  0.1100  0.4300  0.4500  0.2000  0.2000  0.1500  1.1300  1.1000
RF            0.3200  0.2900  0.0800  0.0800  0.0000  0.0900  0.1300  0.1300  0.0800
  0.0800  0.0900  0.3800  0.3900  0.1800  0.1800  0.1300  1.1100  1.0700
YU2           0.3000  0.2700  0.0400  0.0800  0.0900  0.0000  0.0900  0.1300  0.0400
  0.0600  0.0900  0.3500  0.4200  0.2200  0.2200  0.1600  0.9700  0.9400
BCSG3C        0.3600  0.3300  0.1100  0.1100  0.1300  0.0900  0.0000  0.1600  0.0800
  0.0900  0.0900  0.3800  0.4400  0.2600  0.2600  0.1600  1.1400  0.9900
C18MBC        0.3200  0.2500  0.1400  0.1500  0.1300  0.1300  0.1600  0.0000  0.1100
  0.1200  0.1300  0.3800  0.4400  0.2200  0.2200  0.1600  1.0300  1.1200
ACH3202A12    0.2600  0.2700  0.0600  0.0600  0.0800  0.0400  0.0800  0.1100  0.0000
  0.0400  0.0800  0.4000  0.4200  0.2000  0.2000  0.1400  1.0900  1.0500
WR27          0.2800  0.2400  0.0800  0.0600  0.0800  0.0600  0.0900  0.1200  0.0400
  0.0000  0.0800  0.4300  0.4400  0.2200  0.2200  0.1600  0.9400  0.9100
WEAU160       0.3200  0.2500  0.0800  0.1100  0.0900  0.0900  0.0900  0.1300  0.0800
  0.0800  0.0000  0.4100  0.4200  0.1800  0.1800  0.1300  1.2000  1.0900
92BRO25       0.4300  0.3400  0.3100  0.4300  0.3800  0.3500  0.3800  0.3800  0.4000
  0.4300  0.4100  0.0000  0.1500  0.3300  0.3100  0.3300  1.1500  1.0800
ETH2220       0.4700  0.4000  0.3600  0.4500  0.3900  0.4200  0.4400  0.4400  0.4200
  0.4400  0.4200  0.1500  0.0000  0.3500  0.2800  0.3500  1.0000  1.1100
ELI           0.3000  0.2700  0.2000  0.2000  0.1800  0.2200  0.2600  0.2200  0.2000
  0.2200  0.1800  0.3300  0.3500  0.0000  0.0600  0.0800  1.0500  1.0700
Z2Z6          0.2800  0.2500  0.2000  0.2000  0.1800  0.2200  0.2600  0.2200  0.2000
  0.2200  0.1800  0.3100  0.2800  0.0600  0.0000  0.0800  0.9900  1.1300
NDK           0.2600  0.2700  0.1400  0.1500  0.1300  0.1600  0.1600  0.1600  0.1400
  0.1600  0.1300  0.3300  0.3500  0.0800  0.0800  0.0000  1.0400  0.9800
ANT70         0.9300  0.9900  0.9800  1.1300  1.1100  0.9700  1.1400  1.0300  1.0900
  0.9400  1.2000  1.1500  1.0000  1.0500  0.9900  1.0400  0.0000  0.3300
MVP5180       1.0300  1.2300  1.0000  1.1000  1.0700  0.9400  0.9900  1.1200  1.0500
  0.9100  1.0900  1.0800  1.1100  1.0700  1.1300  0.9800  0.3300  0.0000