Compare Sequences_names           Sd      Sn       S       N      ps      pn      ds      dn   ds/dn
0   1   92UG037   U455         11.00    6.00   69.17  227.83    0.16    0.03    0.18    0.03    6.67
0   2   92UG037   HAN          17.00   13.00   69.33  227.67    0.25    0.06    0.30    0.06    5.00
0   3   92UG037   D31          18.00   11.00   68.33  228.67    0.26    0.05    0.32    0.05    6.53
0   4   92UG037   RF           18.00    9.00   68.50  228.50    0.26    0.04    0.32    0.04    8.00
0   5   92UG037   YU2          17.00   11.00   69.00  228.00    0.25    0.05    0.30    0.05    5.99
0   6   92UG037   BCSG3C       20.00   11.00   69.33  227.67    0.29    0.05    0.36    0.05    7.29
0   7   92UG037   C18MBC       18.00   10.00   68.83  228.17    0.26    0.04    0.32    0.05    7.12
0   8   92UG037   ACH3202A12    15.00   12.00   69.00  228.00    0.22    0.05    0.26    0.05    4.70
0   9   92UG037   WR27         16.00   16.00   69.00  228.00    0.23    0.07    0.28    0.07    3.77
0   10  92UG037   WEAU160      18.00   11.00   68.67  228.33    0.26    0.05    0.32    0.05    6.48
0   11  92UG037   92BRO25      22.50   10.50   69.00  228.00    0.33    0.05    0.43    0.05    9.00
0   12  92UG037   ETH2220      24.00    8.00   69.00  228.00    0.35    0.04    0.47    0.04   13.01
0   13  92UG037   ELI          17.00   10.00   68.50  228.50    0.25    0.04    0.30    0.05    6.68
0   14  92UG037   Z2Z6         16.00    9.00   68.50  228.50    0.23    0.04    0.28    0.04    6.92
0   15  92UG037   NDK          15.00    9.00   68.50  228.50    0.22    0.04    0.26    0.04    6.40
0   16  92UG037   ANT70        37.17   39.83   69.67  227.33    0.53    0.18    0.93    0.20    4.67
0   17  92UG037   MVP5180      39.17   41.83   69.83  227.17    0.56    0.18    1.03    0.21    4.89
1   2   U455      HAN          15.50   13.50   69.50  227.50    0.22    0.06    0.26    0.06    4.28
1   3   U455      D31          16.50   11.50   68.50  228.50    0.24    0.05    0.29    0.05    5.58
1   4   U455      RF           16.50    9.50   68.67  228.33    0.24    0.04    0.29    0.04    6.77
1   5   U455      YU2          15.50   11.50   69.17  227.83    0.22    0.05    0.27    0.05    5.09
1   6   U455      BCSG3C       18.50   11.50   69.50  227.50    0.27    0.05    0.33    0.05    6.28
1   7   U455      C18MBC       14.50   12.50   69.00  228.00    0.21    0.05    0.25    0.06    4.33
1   8   U455      ACH3202A12    15.50   12.50   69.17  227.83    0.22    0.05    0.27    0.06    4.67
1   9   U455      WR27         14.00   17.00   69.17  227.83    0.20    0.07    0.24    0.08    3.00
1   10  U455      WEAU160      14.50   11.50   68.83  228.17    0.21    0.05    0.25    0.05    4.74
1   11  U455      92BRO25      19.00   11.00   69.17  227.83    0.27    0.05    0.34    0.05    6.85
1   12  U455      ETH2220      21.50    8.50   69.17  227.83    0.31    0.04    0.40    0.04   10.49
1   13  U455      ELI          15.50   10.50   68.67  228.33    0.23    0.05    0.27    0.05    5.66
1   14  U455      Z2Z6         14.50    9.50   68.67  228.33    0.21    0.04    0.25    0.04    5.79
1   15  U455      NDK          15.50    9.50   68.67  228.33    0.23    0.04    0.27    0.04    6.27
1   16  U455      ANT70        38.33   41.67   69.83  227.17    0.55    0.18    0.99    0.21    4.69
1   17  U455      MVP5180      42.33   43.67   70.00  227.00    0.60    0.19    1.23    0.22    5.54
2   3   HAN       D31           6.00    2.00   68.67  228.33    0.09    0.01    0.09    0.01   10.54
2   4   HAN       RF            5.00    6.00   68.83  228.17    0.07    0.03    0.08    0.03    2.85
2   5   HAN       YU2           3.00    4.00   69.33  227.67    0.04    0.02    0.04    0.02    2.51
2   6   HAN       BCSG3C        7.00    4.00   69.67  227.33    0.10    0.02    0.11    0.02    6.06
2   7   HAN       C18MBC        9.00    7.00   69.17  227.83    0.13    0.03    0.14    0.03    4.56
2   8   HAN       ACH3202A12     4.00    5.00   69.33  227.67    0.06    0.02    0.06    0.02    2.69
2   9   HAN       WR27          5.00    7.00   69.33  227.67    0.07    0.03    0.08    0.03    2.42
2   10  HAN       WEAU160       5.00    8.00   69.00  228.00    0.07    0.04    0.08    0.04    2.12
2   11  HAN       92BRO25      17.50   13.50   69.33  227.67    0.25    0.06    0.31    0.06    4.98
2   12  HAN       ETH2220      20.00   11.00   69.33  227.67    0.29    0.05    0.36    0.05    7.29
2   13  HAN       ELI          12.00    7.00   68.83  228.17    0.17    0.03    0.20    0.03    6.33
2   14  HAN       Z2Z6         12.00    4.00   68.83  228.17    0.17    0.02    0.20    0.02   11.18
2   15  HAN       NDK           9.00    7.00   68.83  228.17    0.13    0.03    0.14    0.03    4.59
2   16  HAN       ANT70        38.33   46.67   70.00  227.00    0.55    0.21    0.98    0.24    4.09
2   17  HAN       MVP5180      38.83   47.17   70.17  226.83    0.55    0.21    1.00    0.24    4.12
3   4   D31       RF            5.00    4.00   67.83  229.17    0.07    0.02    0.08    0.02    4.39
3   5   D31       YU2           5.00    2.00   68.33  228.67    0.07    0.01    0.08    0.01    8.75
3   6   D31       BCSG3C        7.00    2.00   68.67  228.33    0.10    0.01    0.11    0.01   12.44
3   7   D31       C18MBC        9.00    7.00   68.17  228.83    0.13    0.03    0.15    0.03    4.65
3   8   D31       ACH3202A12     4.00    3.00   68.33  228.67    0.06    0.01    0.06    0.01    4.60
3   9   D31       WR27          4.00    5.00   68.33  228.67    0.06    0.02    0.06    0.02    2.75
3   10  D31       WEAU160       7.00    6.00   68.00  229.00    0.10    0.03    0.11    0.03    4.15
3   11  D31       92BRO25      22.50   11.50   68.33  228.67    0.33    0.05    0.43    0.05    8.33
3   12  D31       ETH2220      23.00    9.00   68.33  228.67    0.34    0.04    0.45    0.04   11.05
3   13  D31       ELI          12.00    5.00   67.83  229.17    0.18    0.02    0.20    0.02    9.11
3   14  D31       Z2Z6         12.00    2.00   67.83  229.17    0.18    0.01    0.20    0.01   22.98
3   15  D31       NDK           9.00    5.00   67.83  229.17    0.13    0.02    0.15    0.02    6.59
3   16  D31       ANT70        40.33   46.67   69.00  228.00    0.58    0.20    1.13    0.24    4.74
3   17  D31       MVP5180      39.83   47.17   69.17  227.83    0.58    0.21    1.10    0.24    4.52
4   5   RF        YU2           6.00    4.00   68.50  228.50    0.09    0.02    0.09    0.02    5.26
4   6   RF        BCSG3C        8.00    4.00   68.83  228.17    0.12    0.02    0.13    0.02    7.12
4   7   RF        C18MBC        8.00    7.00   68.33  228.67    0.12    0.03    0.13    0.03    4.07
4   8   RF        ACH3202A12     5.00    5.00   68.50  228.50    0.07    0.02    0.08    0.02    3.46
4   9   RF        WR27          5.00    9.00   68.50  228.50    0.07    0.04    0.08    0.04    1.90
4   10  RF        WEAU160       6.00    6.00   68.17  228.83    0.09    0.03    0.09    0.03    3.51
4   11  RF        92BRO25      20.50   11.50   68.50  228.50    0.30    0.05    0.38    0.05    7.33
4   12  RF        ETH2220      21.00    9.00   68.50  228.50    0.31    0.04    0.39    0.04    9.74
4   13  RF        ELI          11.00    5.00   68.00  229.00    0.16    0.02    0.18    0.02    8.22
4   14  RF        Z2Z6         11.00    2.00   68.00  229.00    0.16    0.01    0.18    0.01   20.74
4   15  RF        NDK           8.00    5.00   68.00  229.00    0.12    0.02    0.13    0.02    5.78
4   16  RF        ANT70        40.00   43.00   69.17  227.83    0.58    0.19    1.11    0.22    5.09
4   17  RF        MVP5180      39.50   45.50   69.33  227.67    0.57    0.20    1.07    0.23    4.60
5   6   YU2       BCSG3C        6.00    0.00   69.33  227.67    0.09    0.00    0.09   -0.00      NA
5   7   YU2       C18MBC        8.00    7.00   68.83  228.17    0.12    0.03    0.13    0.03    4.03
5   8   YU2       ACH3202A12     3.00    1.00   69.00  228.00    0.04    0.00    0.04    0.00   10.18
5   9   YU2       WR27          4.00    5.00   69.00  228.00    0.06    0.02    0.06    0.02    2.71
5   10  YU2       WEAU160       6.00    4.00   68.67  228.33    0.09    0.02    0.09    0.02    5.24
5   11  YU2       92BRO25      19.50   11.50   69.00  228.00    0.28    0.05    0.35    0.05    6.79
5   12  YU2       ETH2220      22.00    9.00   69.00  228.00    0.32    0.04    0.42    0.04   10.24
5   13  YU2       ELI          13.00    3.00   68.50  228.50    0.19    0.01    0.22    0.01   16.52
5   14  YU2       Z2Z6         13.00    2.00   68.50  228.50    0.19    0.01    0.22    0.01   24.85
5   15  YU2       NDK          10.00    5.00   68.50  228.50    0.15    0.02    0.16    0.02    7.31
5   16  YU2       ANT70        38.00   45.00   69.67  227.33    0.55    0.20    0.97    0.23    4.24
5   17  YU2       MVP5180      37.50   45.50   69.83  227.17    0.54    0.20    0.94    0.23    4.05
6   7   BCSG3C    C18MBC       10.00    7.00   69.17  227.83    0.14    0.03    0.16    0.03    5.12
6   8   BCSG3C    ACH3202A12     5.00    1.00   69.33  227.67    0.07    0.00    0.08    0.00   17.21
6   9   BCSG3C    WR27          6.00    5.00   69.33  227.67    0.09    0.02    0.09    0.02    4.13
6   10  BCSG3C    WEAU160       6.00    4.00   69.00  228.00    0.09    0.02    0.09    0.02    5.21
6   11  BCSG3C    92BRO25      20.50   11.50   69.33  227.67    0.30    0.05    0.38    0.05    7.19
6   12  BCSG3C    ETH2220      23.00    9.00   69.33  227.67    0.33    0.04    0.44    0.04   10.78
6   13  BCSG3C    ELI          15.00    3.00   68.83  228.17    0.22    0.01    0.26    0.01   19.41
6   14  BCSG3C    Z2Z6         15.00    2.00   68.83  228.17    0.22    0.01    0.26    0.01   29.20
6   15  BCSG3C    NDK          10.00    5.00   68.83  228.17    0.15    0.02    0.16    0.02    7.26
6   16  BCSG3C    ANT70        41.00   45.00   70.00  227.00    0.59    0.20    1.14    0.23    4.95
6   17  BCSG3C    MVP5180      38.50   45.50   70.17  226.83    0.55    0.20    0.99    0.23    4.23
7   8   C18MBC    ACH3202A12     7.00    8.00   68.83  228.17    0.10    0.04    0.11    0.04    3.04
7   9   C18MBC    WR27          7.50   12.50   68.83  228.17    0.11    0.05    0.12    0.06    2.07
7   10  C18MBC    WEAU160       8.00    7.00   68.50  228.50    0.12    0.03    0.13    0.03    4.06
7   11  C18MBC    92BRO25      20.50   14.50   68.83  228.17    0.30    0.06    0.38    0.07    5.71
7   12  C18MBC    ETH2220      23.00   12.00   68.83  228.17    0.33    0.05    0.44    0.05    8.11
7   13  C18MBC    ELI          13.00    8.00   68.33  228.67    0.19    0.03    0.22    0.04    6.12
7   14  C18MBC    Z2Z6         13.00    5.00   68.33  228.67    0.19    0.02    0.22    0.02    9.89
7   15  C18MBC    NDK          10.00    8.00   68.33  228.67    0.15    0.03    0.16    0.04    4.54
7   16  C18MBC    ANT70        39.00   41.00   69.50  227.50    0.56    0.18    1.03    0.21    5.02
7   17  C18MBC    MVP5180      40.50   43.50   69.67  227.33    0.58    0.19    1.12    0.22    5.07
8   9   ACH3202A12 WR27          3.00    6.00   69.00  228.00    0.04    0.03    0.04    0.03    1.67
8   10  ACH3202A12 WEAU160       5.00    5.00   68.67  228.33    0.07    0.02    0.08    0.02    3.45
8   11  ACH3202A12 92BRO25      21.50   12.50   69.00  228.00    0.31    0.05    0.40    0.06    7.07
8   12  ACH3202A12 ETH2220      22.00    9.00   69.00  228.00    0.32    0.04    0.42    0.04   10.24
8   13  ACH3202A12 ELI          12.00    4.00   68.50  228.50    0.18    0.02    0.20    0.02   11.26
8   14  ACH3202A12 Z2Z6         12.00    3.00   68.50  228.50    0.18    0.01    0.20    0.01   15.06
8   15  ACH3202A12 NDK           9.00    6.00   68.50  228.50    0.13    0.03    0.14    0.03    5.40
8   16  ACH3202A12 ANT70        40.00   45.00   69.67  227.33    0.57    0.20    1.09    0.23    4.73
8   17  ACH3202A12 MVP5180      39.50   45.50   69.83  227.17    0.57    0.20    1.05    0.23    4.52
9   10  WR27      WEAU160       5.50    9.50   68.67  228.33    0.08    0.04    0.08    0.04    1.98
9   11  WR27      92BRO25      22.50   16.50   69.00  228.00    0.33    0.07    0.43    0.08    5.62
9   12  WR27      ETH2220      23.00   14.00   69.00  228.00    0.33    0.06    0.44    0.06    6.88
9   13  WR27      ELI          13.00    6.00   68.50  228.50    0.19    0.03    0.22    0.03    8.19
9   14  WR27      Z2Z6         13.00    7.00   68.50  228.50    0.19    0.03    0.22    0.03    7.00
9   15  WR27      NDK          10.00   10.00   68.50  228.50    0.15    0.04    0.16    0.05    3.60
9   16  WR27      ANT70        37.33   49.67   69.67  227.33    0.54    0.22    0.94    0.26    3.64
9   17  WR27      MVP5180      36.83   50.17   69.83  227.17    0.53    0.22    0.91    0.26    3.48
10  11  WEAU160   92BRO25      21.50   13.50   68.67  228.33    0.31    0.06    0.41    0.06    6.58
10  12  WEAU160   ETH2220      22.00   11.00   68.67  228.33    0.32    0.05    0.42    0.05    8.39
10  13  WEAU160   ELI          11.00    5.00   68.17  228.83    0.16    0.02    0.18    0.02    8.19
10  14  WEAU160   Z2Z6         11.00    4.00   68.17  228.83    0.16    0.02    0.18    0.02   10.27
10  15  WEAU160   NDK           8.00    7.00   68.17  228.83    0.12    0.03    0.13    0.03    4.09
10  16  WEAU160   ANT70        41.50   42.50   69.33  227.67    0.60    0.19    1.20    0.21    5.59
10  17  WEAU160   MVP5180      40.00   45.00   69.50  227.50    0.58    0.20    1.09    0.23    4.76
11  12  92BRO25   ETH2220       9.50    6.50   69.00  228.00    0.14    0.03    0.15    0.03    5.23
11  13  92BRO25   ELI          18.50   10.50   68.50  228.50    0.27    0.05    0.33    0.05    7.06
11  14  92BRO25   Z2Z6         17.50    9.50   68.50  228.50    0.26    0.04    0.31    0.04    7.30
11  15  92BRO25   NDK          18.50    9.50   68.50  228.50    0.27    0.04    0.33    0.04    7.83
11  16  92BRO25   ANT70        41.00   43.00   69.67  227.33    0.59    0.19    1.15    0.22    5.28
11  17  92BRO25   MVP5180      40.00   45.00   69.83  227.17    0.57    0.20    1.08    0.23    4.70
12  13  ETH2220   ELI          19.00    8.00   68.50  228.50    0.28    0.04    0.35    0.04    9.66
12  14  ETH2220   Z2Z6         16.00    7.00   68.50  228.50    0.23    0.03    0.28    0.03    8.95
12  15  ETH2220   NDK          19.00    7.00   68.50  228.50    0.28    0.03    0.35    0.03   11.07
12  16  ETH2220   ANT70        38.50   42.50   69.67  227.33    0.55    0.19    1.00    0.22    4.66
12  17  ETH2220   MVP5180      40.50   44.50   69.83  227.17    0.58    0.20    1.11    0.23    4.90
13  14  ELI       Z2Z6          4.00    3.00   68.00  229.00    0.06    0.01    0.06    0.01    4.64
13  15  ELI       NDK           5.00    6.00   68.00  229.00    0.07    0.03    0.08    0.03    2.90
13  16  ELI       ANT70        39.00   44.00   69.17  227.83    0.56    0.19    1.05    0.22    4.68
13  17  ELI       MVP5180      39.50   46.50   69.33  227.67    0.57    0.20    1.07    0.24    4.48
14  15  Z2Z6      NDK           5.00    3.00   68.00  229.00    0.07    0.01    0.08    0.01    5.86
14  16  Z2Z6      ANT70        38.00   45.00   69.17  227.83    0.55    0.20    0.99    0.23    4.31
14  17  Z2Z6      MVP5180      40.50   47.50   69.33  227.67    0.58    0.21    1.13    0.24    4.63
15  16  NDK       ANT70        38.83   44.17   69.17  227.83    0.56    0.19    1.04    0.22    4.62
15  17  NDK       MVP5180      37.83   46.17   69.33  227.67    0.55    0.20    0.98    0.24    4.13
16  17  ANT70     MVP5180      19.00    9.00   70.50  226.50    0.27    0.04    0.33    0.04    8.18
Averages of all pairwise comparisons: ds =  0.40, dn =  0.08, ds/dn =  6.69
Averages of the first sequence compared to others: ds =  0.39, dn =  0.07, ds/dn =  6.65
