29.888
44.04
44.076
45.9
46.332
47.26
48.204
48.684
45.972
46.628
45.404
47.392
47.516
47.532
46.812
45.392
47.036
45.832
48.616
44.924
46.296
46.524
48.936
48.736
50.104
48.164
45.86
47.096
46.764
46.024
48.044
49.104
47.856
48.592
50.104
48.796
48.92
48.092
47.92
48.076
49.748
49.216
48.532
47.216
49.54
48.604
50.6
48.796
47.756
46.884
48.132
46.884
47.064
49.412
47.864
46.3
47.884
46.616
47.784
46.3
46.452
48.44
49.524
49.624
50.024
48.892
48.496
48.804
48.952
48.22
48.188
49.572
48.916
47.552
48.98
47.472
48.72
46.716
47.932
46.684
46.216
47.832
47.532
46.42
46.664
49.808
49.94
48.836
47.94
47.652
48.024
47.244
48.252
46.696
47.584
50.22
49.176
47.76
46.936
48.76
47.428
45.784
46.172
46.804
47.852
47.952
46.964
46.32
47.092
48.5
48.212
48.004
47.4
31.084
13.052
21.16
49.04
46.832
49.308
46.8
48.628
48.248
48.56
47.24
47.2
46.812
47.028
46.848
46.98
49.124
47.44
47.944
49.524
49.244
48.22
49.932
50.436
45.432
47.624
47.672
45.48
47.92
46.732
46.832
46.128
47.38
46.284
47.336
46.44
46.768
45.956
47.192
46.792
46.048
47.06
46.352
45.672
46.852
40.072
25.1232876712329
26.652
44.872
45.692
45.848
43.036
46.98
46.52
47.036
45.068
47.212
47.156
46.836
45.84
46.212
44.836
45.776
45.496
46.54
49.036
49.688
47.148
45.964
47.292
47.736
48.7
47.388
45.768
49.128
47.44
45.216
45.96
46.34
46.836
47.052
48.368
48.328
47.78
47.992
48.236
48.572
49.636
48.872
47.852
47.516
47.644
47.476
45.8
49.028
49.084
47.068
48.476
39.924
13.336
14.86
35.6
48.832
47.856
46.4
48.436
47.22
46.972
49.284
47.496
47.22
48.296
47.788
46.412
49.364
46.396
47.448
48.108
47.772
49.364
46.704
48.4
47.528
46.132
46.624
48.072
46.144
47.392
47.3
47.772
49.436
46.624
47.536
47.24
46.764
48.308
46.276
48.264
47.992
46.86
47.668
47.992
48.148
47.12
47.556
48.488
48.152
47.92
47.66
49.748
47.716
48.248
47.76
46.976
47.924
47.996
48.32
48.252
47.156
50.036
47.172
47.492
47.2
47.732
47.4
47.98
47.424
49.08
47.78
48.096
47.756
47.336
48.324
46.656
47.92
47.992
46.24
47.64
48.196
46.964
46.732
47.852
47.396
47.648
47.284
47.732
47.264
47.696
47.604
47.452
47.716
47.768
48.22
47.58
48.54
48.764
47.784
47.816
47.236
47.724
48.64
47.912
50.444
48.028
46.992
48.888
47.072
48.504
47.44
46.796
48.608
46.624
48.5
47.732
47.424
47.584
47.484
47.06
46.708
47.368
48.244
47.812
46.52
47.352
47.072
47.512
49.696
46.492
48.628
48.668
47.076
48.172
47.796
49.16
47.272
48.668
47.536
48.16
49.476
46.38
48.892
48.896
49.704
47.796
47.636
48.88
50.224
47.26
46.82
46.888
48.16
46.152
45.776
47.08
47.608
48.164
49.944
49.632
48.284
46.38
47.012
45.364
46.18
46.932
47.284
47.76
46.968
46.316
41.924
47.148
34.644
46.772
47.992
43.796
46.636
46.164
46.18
45.128
32.4319531873393
42.064
44.48
45.328
45.64
43.72
47.108
46.556
46.144
46.584
46.472
47.432
46.396
46.664
46.74
46.744
47.992
46.616
47.344
46.012
45.664
47.216
48.44
46.712
47.88
47.104
48.192
48.164
48.032
46.496
47.128
46.544
46.484
49.216
49.068
48.844
48.06
47.88
11.424
13.884
49.76
51.468
48.076
46.384
46.932
46.24
50.356
47.716
46.852
47.452
47.828
47.584
47.492
47.916
47.38
47.072
46.968
47.384
47.76
48.176
45.96
47.324
46.54
47.776
47.624
48.252
46.696
47.804
46.8
31.74
44.328
46.748
47.252
47.888
48.316
47.864
47.656
48.448
48.66
47.348
48.2
47.156
47.216
46.652
46.412
46.648
47.416
48.12
46.916
46.804
49.536
45.748
47.168
45.4
46.92
47.488
47.184
45.72
46.18
42.752
25.3858583607288
34.964
42.976
44.892
47.736
48.804
45
48.072
46.464
45.2
49.956
48.94
49.552
48.232
49.908
48.704
48.204
47.924
49.128
48.328
51.348
50.004
48.228
48.112
50.188
48.192
48.912
47.796
48.836
47.948
46.48
47.812
49.268
49.584
48.072
47.712
46.608
47.348
48.156
46.864
48.084
48.044
47.484
46.996
46.892
48.076
46.9
47.408
48.196
46.48
46.764
45.988
46.056
46.14
46.136
45.248
45.152
47.248
46.656
47.076
46.78
48.892
46.02
46.008
48.652
48.26
12.056
11.608
48.84
50.084
51.184
47.56
49.204
49.132
48.168
48.4
48.312
49.296
48.5
48.156
48.66
47.076
46.796
49.564
47
48.856
48.18
50.168
49.496
49.528
48.048
48.312
48.508
46.564
49.372
46.388
49.076
48.292
47.412
46.9
46.584
46.712
45.964
46.696
46.256
47.552
45.696
45.88
46.308
48.256
47.152
48.788
49.692
48.292
49.136
49.228
48.628
47.656
49.256
48.984
50.628
