49.036
48.044
49.164
49.58
49.868
50.028
47.624
50.724
48.092
50.176
48.96
48.544
47.66
48.388
49.74
49.784
49.372
48.492
49.508
49.132
48.288
48.472
49.68
48.684
49.404
49.648
50.244
49.328
48.784
48.72
49.36
49.396
49.7
49.524
48.472
50.02
48.516
48.692
49.38
47.496
49.24
49.328
49.064
49.028
49.892
50.768
50.228
49.012
49.36
48.324
49.436
48.844
48.588
49.868
47.728
48.948
48.856
49.536
49.372
49.288
48.892
48.876
47.492
49.056
48.872
48.212
49.168
49.636
48.996
48.38
48.788
49.42
49.684
48.908
48.592
49.332
49.012
49.828
48.636
48.388
48.848
49.5
48.64
47.844
47.768
48.128
47.684
47.524
49.736
48.196
48.044
48.144
48.44
49.364
49.204
49.932
48.336
49.14
48.628
48.688
51.96
49.684
47.916
49.364
46.708
48.044
49.112
49.416
49.108
49.388
49.456
49.416
48.82
48.956
49.62
49.404
49.068
49.148
49.164
49.752
49.144
48.3
48.48
49.616
49.368
49.284
48.784
48.884
48.192
48.096
49.448
49.356
50.02
49.344
50.392
50.24
49.94
48.88
51.66
48.68
48.876
48.504
48.684
49.524
47.972
48.748
48.968
50.068
48.976
48.78
49.268
50.104
48.692
49.02
48.472
49.824
48.892
48.276
49.116
48.724
49.616
47.752
48
48.872
49.076
49.988
49.636
49.612
48.74
49.408
47.756
47.816
47.884
47.936
49.236
49.172
47.8
49.688
50.216
48.704
49.536
49.312
49.848
49.516
49.796
49.668
49.164
49.344
48.896
49.012
48.792
49.88
49.956
47.884
47.052
47.364
47.228
48.344
49.868
48.108
49.188
48.708
48.252
49.352
49.26
49.616
49.036
50.132
48.248
49.372
48.676
49.756
49.204
48.884
48.312
49.092
47.988
49.4
49.268
48.268
48.324
50.004
48.704
47.916
47.716
50.216
49.244
48.748
49.076
49.572
48.712
47.156
48.004
49.252
48.764
48.784
48.5
48.664
49.628
47.664
48.304
48.508
49.428
49.188
48.328
48.98
49.556
48.704
49.532
49.336
49.148
48.716
49.368
49.648
49.644
48.804
48.068
49.124
48.984
49.048
49.34
48.444
49.74
50.02
48.66
48.312
50.084
47.976
49.712
48.524
48.508
48.904
49.508
49.292
49.6
50.192
49.096
49.244
47.824
48.84
48.84
48.78
49.236
49.732
48.792
48.608
49.228
48.124
48.768
49.06
48.932
47.276
48.384
50.256
49.76
49.292
47.9
48.704
49.34
47.88
48.56
49.664
49.064
48.936
48.276
49.44
49.036
48.528
48.156
48.968
49.588
48.88
48.712
49.416
47.76
49.472
48.192
49.652
49.868
47.124
49.096
48.956
49.488
49.432
48.336
48.892
49.44
48.412
50.556
49.016
50.032
49.632
47.128
48.684
49.532
48.788
49.104
48.092
49.38
48.208
48.448
49.24
48.964
48.844
49.02
49.672
49.312
47.948
49.32
47.584
48.832
48.664
48.68
49.768
48.844
48.084
49.408
48.984
48.724
47.464
48.828
48.404
49.468
49.016
49.172
50.236
49.776
49.496
48.156
49.048
48.216
49.116
49.5
49.068
48.3
48.384
49.54
48.9
49.588
48.336
48.868
48.896
50.448
47.976
48.216
49.196
49.444
49.744
49.82
49.12
49.748
49.652
49
50.192
49.696
49.312
49.472
48.524
48.124
47.668
49.036
48.104
49.836
49.764
48.436
49.544
48.696
47.828
48
49.6
47.712
49.224
49.996
48.416
47.984
47.948
47.06
49.324
48.164
47.256
49.104
48.56
48.812
49.26
48.684
49.072
49.156
48.076
48.936
47.976
48.852
48.948
48.256
49.18
48.232
48.78
49.328
49.912
48.764
50.016
47.344
48.824
49.808
47.596
49.952
48.024
47.9
48.22
48.204
48.62
48.58
48.624
48.024
48.44
48.7
48.632
48.464
48.756
49.676
48.792
48.72
50.084
48.704
48.952
48.692
48.884
48.524
48.868
49.992
47.776
48.936
48.648
48.972
47.608
47.988
49.392
48.676
49.148
49.94
48.368
47.668
48.976
48.948
48.952
48.136
49.356
48.62
49.26
47.808
49.336
51.4
49.792
48.048
48.924
48.776
48.516
48.796
48.312
49.264
49.768
50.04
49.9
48.72
48.508
49.8
49.368
49.736
49.2
48.88
49.2
48.42
47.884
48.944
48.66
49.404
49.668
49.84
48.216
48.704
48.608
48.5
49.196
48.856
50.028
49.132
49.424
49.008
48.516
48.728
49.372
48.64
48.944
49.312
50.824
49.38
48.816
49.704
47.696
47.764
48.604
48.568
48.332
48.028
48.54
49.404
48.276
49.124
49.716
48.34
49.764
49.316
49.324
48.34
49.024
48.28
47.28
47.896
49.296
48.868
49.116
48.88
48.948
48.112
49.216
49.36
47.828
50.868
48.992
49.008
49.108
50.172
48.552
48.096
49.28
48.752
49.288
49.476
48.112
48.336
48.3
48.576
50.156
49.08
49.18
48.648
49.024
49.476
48.776
48.26
48.396
49.304
48.3
49.144
49.46
49.176
49.344
49.504
49.86
48.672
49.064
49.356
49.52
49.212
49.052
48.536
50.144
49.828
48.648
48.9
49.384
48.424
49.228
48.348
48.072
48.384
48.116
40.62
49.452
49.276
48.588
49.448
47.992
49.316
49.552
48.288
48.696
49.688
48.66
48.692
49.264
48.792
49.772
48.02
49.712
49.024
48.992
49.804
48.496
48.508
48.552
47.636
49.252
50.344
48.3
48.228
47.792
49.316
48.868
47.668
49.236
48.332
48.908
48.052
48.136
48.692
49.236
50.02
49.656
49.384
48.616
49.08
49.848
48.952
49.564
48.76
48.992
50.74
49.156
48.64
48.94
47.744
48.488
48.324
47.84
49.384
48.476
49.32
48.128
48.408
48.764
49.188
49.668
48.796
47.956
49.744
48.696
49.072
49.592
49.152
49.376
49.788
48.516
48.984
49.028
48.608
49.352
48.964
48.42
49.288
49.08
49.62
49.48
50.968
48.98
49.116
48.9
47.972
48.316
49.012
50.388
49.172
49.164
49.28
48.672
48.844
49.728
48.988
48.744
48.644
48.356
49.124
50.08
49.348
48.984
48.876
49.312
48.948
49.22
48.12
49.92
48.044
48.948
48.448
48.404
49.056
49.428
48.888
50.316
49.372
48.74
49.928
49.216
48.768
48.812
49.552
47.808
49.468
49.252
49.116
48.8
49.092
49.4
47.836
49.144
48.544
48.16
46.948
48.664
48.276
47.92
48.7
49.988
49.42
48.864
48.8
49.288
49.24
48.104
48.568
48.86
48.484
50
46.396
48.312
48.612
49.968
47.524
48.664
47.324
47.856
47.628
49.684
49.592
50.12
48.592
48.968
48.004
40.376
42.108
49.336
49.504
48.292
47.596
47.256
49.312
49.536
48.996
48.996
49.832
49.112
49.264
48.42
49.004
48.696
48.82
48.896
49.436
48.936
48.536
49.192
47.744
48.04
48.684
48.004
49.848
47.636
49.668
48.14
48.2
49.016
49.88
48.36
49.904
49.664
49.62
48.716
49.36
49.976
49.172
49.048
49.552
49.52
48.452
49.46
48.2
50
49.668
48.548
47.828
47.172
50.172
48.536
48.56
48.152
49.896
48.532
49.576
48.564
47.356
49.588
49.644
48.664
52.212
52.332
52.12
52.016
52.116
52.384
52.108
51.968
51.88
52.5
52.148
52.088
51.952
52.264
52.256
52.168
51.98
52.092
52.412
52.12
51.968
51.976
52.464
52.112
52.06
51.944
52.308
52.192
52.156
51.928
52.22
52.344
52.076
52.052
52.056
52.4
52.08
51.988
51.912
52.488
52.172
52.076
51.964
52.204
52.324
52.12
52.004
52.084
52.428
52.108
51.968
51.912
52.504
52.124
51.604
51.473136915078
