Chr1	1	25000	32683
Chr1	25001	50000	41717
Chr1	50001	75000	42469
Chr1	75001	100000	44584
Chr1	100001	125000	44933
Chr1	125001	150000	40147
Chr1	150001	175000	40847
Chr1	175001	200000	36619
Chr1	200001	225000	40575
Chr1	225001	250000	43727
Chr1	250001	275000	41757
Chr1	275001	300000	39651
Chr1	300001	325000	40343
Chr1	325001	350000	43174
Chr1	350001	375000	40744
Chr1	375001	400000	44594
Chr1	400001	425000	42827
Chr1	425001	450000	43019
Chr1	450001	475000	27664
Chr1	475001	500000	35473
Chr1	500001	525000	35930
Chr1	525001	550000	27462
Chr1	550001	575000	5426
Chr1	575001	600000	5601
Chr1	600001	625000	5403
Chr1	625001	650000	23927
Chr1	650001	675000	41765
Chr1	675001	700000	37478
Chr1	700001	725000	44042
Chr1	725001	750000	41665
Chr1	750001	775000	26185
Chr1	775001	800000	6025
Chr1	800001	825000	5662
Chr1	825001	850000	5122
Chr1	850001	875000	5217
Chr1	875001	900000	5150
Chr1	900001	925000	4779
Chr1	925001	950000	4971
Chr1	950001	975000	4867
Chr1	975001	1000000	5461
Chr1	1000001	1025000	4429
Chr1	1025001	1050000	5254
Chr1	1050001	1075000	5116
Chr1	1075001	1100000	6952
Chr1	1100001	1125000	13332
Chr1	1125001	1150000	5347
Chr1	1150001	1175000	5224
Chr1	1175001	1200000	5057
Chr1	1200001	1225000	5042
Chr1	1225001	1250000	4749
Chr1	1250001	1275000	5118
Chr1	1275001	1300000	6448
Chr1	1300001	1325000	6622
Chr1	1325001	1350000	7172
Chr1	1350001	1375000	5163
Chr1	1375001	1400000	4426
Chr1	1400001	1425000	5569
Chr1	1425001	1450000	5303
Chr1	1450001	1475000	5149
Chr1	1475001	1500000	5074
Chr1	1500001	1525000	5370
Chr1	1525001	1550000	5033
Chr1	1550001	1575000	5193
Chr1	1575001	1600000	4756
Chr1	1600001	1625000	4849
Chr1	1625001	1650000	5176
Chr1	1650001	1675000	5181
Chr1	1675001	1700000	4883
Chr1	1700001	1725000	7326
Chr1	1725001	1750000	4544
Chr1	1750001	1775000	5099
Chr1	1775001	1800000	5249
Chr1	1800001	1825000	4406
Chr1	1825001	1850000	4804
Chr1	1850001	1875000	5041
Chr1	1875001	1900000	5328
Chr1	1900001	1925000	5270
Chr1	1925001	1950000	5098
Chr1	1950001	1975000	5187
Chr1	1975001	2000000	4968
Chr1	2000001	2025000	4542
Chr1	2025001	2050000	4689
Chr1	2050001	2075000	5069
Chr1	2075001	2100000	4849
Chr1	2100001	2125000	11636
Chr1	2125001	2150000	7346
Chr1	2150001	2175000	5251
Chr1	2175001	2200000	4464
Chr1	2200001	2225000	4859
Chr1	2225001	2250000	5543
Chr1	2250001	2275000	5248
Chr1	2275001	2300000	5663
Chr1	2300001	2325000	5097
Chr1	2325001	2350000	5131
Chr1	2350001	2375000	4982
Chr1	2375001	2400000	4980
Chr1	2400001	2425000	5164
Chr1	2425001	2450000	5218
Chr1	2450001	2475000	5023
Chr1	2475001	2500000	10880
Chr1	2500001	2525000	19409
Chr1	2525001	2550000	5158
Chr1	2550001	2575000	5551
Chr1	2575001	2600000	5306
Chr1	2600001	2625000	4498
Chr1	2625001	2650000	5262
Chr1	2650001	2675000	5082
Chr1	2675001	2700000	5142
Chr1	2700001	2725000	4676
Chr1	2725001	2750000	4959
Chr1	2750001	2775000	4604
Chr1	2775001	2800000	4956
Chr1	2800001	2825000	5203
Chr1	2825001	2850000	6148
Chr1	2850001	2875000	4768
Chr1	2875001	2900000	4960
Chr1	2900001	2925000	5124
Chr1	2925001	2950000	4776
Chr1	2950001	2975000	6653
Chr1	2975001	3000000	5267
Chr1	3000001	3025000	5141
Chr1	3025001	3050000	5167
Chr1	3050001	3075000	5414
Chr1	3075001	3100000	5773
Chr1	3100001	3125000	5284
Chr1	3125001	3150000	5086
Chr1	3150001	3175000	4516
Chr1	3175001	3200000	5144
Chr1	3200001	3225000	4849
Chr1	3225001	3250000	4904
Chr1	3250001	3275000	4454
Chr1	3275001	3300000	4989
Chr1	3300001	3325000	4744
Chr1	3325001	3350000	4843
Chr1	3350001	3375000	5198
Chr1	3375001	3400000	5132
Chr1	3400001	3425000	4812
Chr1	3425001	3450000	5274
Chr1	3450001	3475000	3843
Chr1	3475001	3500000	4728
Chr1	3500001	3525000	5303
Chr1	3525001	3550000	4749
Chr1	3550001	3575000	5168
Chr1	3575001	3600000	5407
Chr1	3600001	3625000	5006
Chr1	3625001	3650000	4950
Chr1	3650001	3675000	4769
Chr1	3675001	3700000	5005
Chr1	3700001	3725000	4713
Chr1	3725001	3750000	4774
Chr1	3750001	3775000	4640
Chr1	3775001	3800000	10496
Chr1	3800001	3825000	5581
Chr1	3825001	3850000	4757
Chr1	3850001	3875000	5305
Chr1	3875001	3900000	5014
Chr1	3900001	3925000	5274
Chr1	3925001	3950000	4961
Chr1	3950001	3975000	5663
Chr1	3975001	4000000	4795
Chr1	4000001	4025000	5376
Chr1	4025001	4050000	5433
Chr1	4050001	4075000	4908
Chr1	4075001	4100000	5012
Chr1	4100001	4125000	5061
Chr1	4125001	4150000	5719
Chr1	4150001	4175000	5193
Chr1	4175001	4200000	5068
Chr1	4200001	4225000	5457
Chr1	4225001	4250000	4836
Chr1	4250001	4275000	4918
Chr1	4275001	4300000	5336
Chr1	4300001	4325000	4969
Chr1	4325001	4350000	4529
Chr1	4350001	4375000	4746
Chr1	4375001	4400000	4839
Chr1	4400001	4425000	5076
Chr1	4425001	4450000	4201
Chr1	4450001	4475000	5424
Chr1	4475001	4500000	5539
Chr1	4500001	4525000	5262
Chr1	4525001	4550000	5357
Chr1	4550001	4575000	16048
Chr1	4575001	4600000	7970
Chr1	4600001	4625000	5342
Chr1	4625001	4650000	5099
Chr1	4650001	4675000	4843
Chr1	4675001	4700000	5234
Chr1	4700001	4725000	5390
Chr1	4725001	4750000	4700
Chr1	4750001	4775000	4944
Chr1	4775001	4800000	5323
Chr1	4800001	4825000	5449
Chr1	4825001	4850000	5004
Chr1	4850001	4875000	4730
Chr1	4875001	4900000	5587
Chr1	4900001	4925000	5370
Chr1	4925001	4950000	4716
Chr1	4950001	4975000	4868
Chr1	4975001	5000000	5056
Chr1	5000001	5025000	9237
Chr1	5025001	5050000	4973
Chr1	5050001	5075000	5061
Chr1	5075001	5100000	8479
Chr1	5100001	5125000	5077
Chr1	5125001	5150000	5094
Chr1	5150001	5175000	4843
Chr1	5175001	5200000	5039
Chr1	5200001	5225000	5401
Chr1	5225001	5250000	4779
Chr1	5250001	5275000	5305
Chr1	5275001	5300000	10204
Chr1	5300001	5325000	12393
Chr1	5325001	5350000	5048
Chr1	5350001	5375000	4873
Chr1	5375001	5400000	5481
Chr1	5400001	5425000	4927
Chr1	5425001	5450000	4818
Chr1	5450001	5475000	4752
Chr1	5475001	5500000	4752
Chr1	5500001	5525000	4816
Chr1	5525001	5550000	5009
Chr1	5550001	5575000	5519
Chr1	5575001	5600000	4580
Chr1	5600001	5625000	4775
Chr1	5625001	5650000	4583
Chr1	5650001	5675000	5224
Chr1	5675001	5700000	9799
Chr1	5700001	5725000	34205
Chr1	5725001	5750000	25337
Chr1	5750001	5775000	41005
Chr1	5775001	5800000	37823
Chr1	5800001	5825000	37199
Chr1	5825001	5850000	36521
Chr1	5850001	5875000	40053
Chr1	5875001	5900000	37632
Chr1	5900001	5925000	38853
Chr1	5925001	5950000	39243
Chr1	5950001	5975000	40677
Chr1	5975001	6000000	43173
Chr1	6000001	6025000	13739
Chr1	6025001	6050000	6501
Chr1	6050001	6075000	5187
Chr1	6075001	6100000	4978
Chr1	6100001	6125000	5383
Chr1	6125001	6150000	4835
Chr1	6150001	6175000	5212
Chr1	6175001	6200000	5415
Chr1	6200001	6225000	4995
Chr1	6225001	6250000	5246
Chr1	6250001	6275000	4718
Chr1	6275001	6300000	4908
Chr1	6300001	6325000	4858
Chr1	6325001	6350000	4927
Chr1	6350001	6375000	5243
Chr1	6375001	6400000	5140
Chr1	6400001	6425000	5061
Chr1	6425001	6450000	5099
Chr1	6450001	6475000	5652
Chr1	6475001	6500000	5527
Chr1	6500001	6525000	6580
Chr1	6525001	6550000	26990
Chr1	6550001	6575000	39653
Chr1	6575001	6600000	41582
Chr1	6600001	6625000	6204
Chr1	6625001	6650000	5470
Chr1	6650001	6675000	5095
Chr1	6675001	6700000	5402
Chr1	6700001	6725000	21861
Chr1	6725001	6750000	15083
Chr1	6750001	6775000	4967
Chr1	6775001	6800000	4851
Chr1	6800001	6825000	5041
Chr1	6825001	6850000	5414
Chr1	6850001	6875000	12204
Chr1	6875001	6900000	5929
Chr1	6900001	6925000	13024
Chr1	6925001	6950000	31696
Chr1	6950001	6975000	27375
Chr1	6975001	7000000	38039
Chr1	7000001	7025000	21890
Chr1	7025001	7050000	35983
Chr1	7050001	7075000	31502
Chr1	7075001	7100000	40979
Chr1	7100001	7125000	42546
Chr1	7125001	7150000	27121
Chr1	7150001	7175000	30650
Chr1	7175001	7200000	43059
Chr1	7200001	7225000	37046
Chr1	7225001	7250000	8592
Chr1	7250001	7275000	5376
Chr1	7275001	7300000	6001
Chr1	7300001	7325000	31128
Chr1	7325001	7350000	37596
Chr1	7350001	7375000	33422
Chr1	7375001	7400000	40452
Chr1	7400001	7425000	38296
Chr1	7425001	7450000	41662
Chr1	7450001	7475000	37448
Chr1	7475001	7500000	11508
Chr1	7500001	7525000	25692
Chr1	7525001	7550000	29799
Chr1	7550001	7575000	37714
Chr1	7575001	7600000	39158
Chr1	7600001	7625000	38318
Chr1	7625001	7650000	42753
Chr1	7650001	7675000	40520
Chr1	7675001	7700000	38611
Chr1	7700001	7725000	40024
Chr1	7725001	7750000	36471
Chr1	7750001	7775000	35500
Chr1	7775001	7800000	41166
Chr1	7800001	7825000	37240
Chr1	7825001	7850000	24650
Chr1	7850001	7875000	30202
Chr1	7875001	7900000	26591
Chr1	7900001	7925000	5447
Chr1	7925001	7950000	4777
Chr1	7950001	7975000	6927
Chr1	7975001	8000000	5010
Chr1	8000001	8025000	5412
Chr1	8025001	8050000	5257
Chr1	8050001	8075000	5364
Chr1	8075001	8100000	7613
Chr1	8100001	8125000	5678
Chr1	8125001	8150000	5191
Chr1	8150001	8175000	5376
Chr1	8175001	8200000	4976
Chr1	8200001	8225000	5203
Chr1	8225001	8250000	5202
Chr1	8250001	8275000	5178
Chr1	8275001	8300000	8768
Chr1	8300001	8325000	5420
Chr1	8325001	8350000	4618
Chr1	8350001	8375000	5602
Chr1	8375001	8400000	11737
Chr1	8400001	8425000	39943
Chr1	8425001	8450000	11807
Chr1	8450001	8475000	4949
Chr1	8475001	8500000	5133
Chr1	8500001	8525000	5149
Chr1	8525001	8550000	5344
Chr1	8550001	8575000	8057
Chr1	8575001	8600000	20137
Chr1	8600001	8625000	39069
Chr1	8625001	8650000	19526
Chr1	8650001	8675000	5690
Chr1	8675001	8700000	7885
Chr1	8700001	8725000	5266
Chr1	8725001	8750000	5274
Chr1	8750001	8775000	5248
Chr1	8775001	8800000	5126
Chr1	8800001	8825000	5587
Chr1	8825001	8850000	5264
Chr1	8850001	8875000	8244
Chr1	8875001	8900000	4768
Chr1	8900001	8925000	5435
Chr1	8925001	8950000	5491
Chr1	8950001	8975000	4514
Chr1	8975001	9000000	4179
Chr1	9000001	9025000	4223
Chr1	9025001	9050000	5081
Chr1	9050001	9075000	5068
Chr1	9075001	9100000	4907
Chr1	9100001	9125000	4856
Chr1	9125001	9150000	5247
Chr1	9150001	9175000	5393
Chr1	9175001	9200000	5351
Chr1	9200001	9225000	4802
Chr1	9225001	9250000	4789
Chr1	9250001	9275000	5088
Chr1	9275001	9300000	5156
Chr1	9300001	9325000	5453
Chr1	9325001	9350000	5071
Chr1	9350001	9375000	5269
Chr1	9375001	9400000	5248
Chr1	9400001	9425000	4798
Chr1	9425001	9450000	5302
Chr1	9450001	9475000	4804
Chr1	9475001	9500000	5020
Chr1	9500001	9525000	5410
Chr1	9525001	9550000	5537
Chr1	9550001	9575000	4758
Chr1	9575001	9600000	5077
Chr1	9600001	9625000	5040
Chr1	9625001	9650000	5377
Chr1	9650001	9675000	5055
Chr1	9675001	9700000	5318
Chr1	9700001	9725000	4888
Chr1	9725001	9750000	4772
Chr1	9750001	9775000	5009
Chr1	9775001	9800000	4174
Chr1	9800001	9825000	5178
Chr1	9825001	9850000	5108
Chr1	9850001	9875000	4848
Chr1	9875001	9900000	5112
Chr1	9900001	9925000	5620
Chr1	9925001	9950000	5143
Chr1	9950001	9975000	5117
Chr1	9975001	10000000	4869
Chr1	10000001	10025000	5359
Chr1	10025001	10050000	5115
Chr1	10050001	10075000	4619
Chr1	10075001	10100000	5275
Chr1	10100001	10125000	5248
Chr1	10125001	10150000	5106
Chr1	10150001	10175000	4846
Chr1	10175001	10200000	5006
Chr1	10200001	10225000	4971
Chr1	10225001	10250000	5528
Chr1	10250001	10275000	4910
Chr1	10275001	10300000	4942
Chr1	10300001	10325000	5171
Chr1	10325001	10350000	5346
Chr1	10350001	10375000	5068
Chr1	10375001	10400000	5288
Chr1	10400001	10425000	5824
Chr1	10425001	10450000	11120
Chr1	10450001	10475000	4604
Chr1	10475001	10500000	5221
Chr1	10500001	10525000	5444
Chr1	10525001	10550000	19005
Chr1	10550001	10575000	26464
Chr1	10575001	10600000	8550
Chr1	10600001	10625000	5026
Chr1	10625001	10650000	5127
Chr1	10650001	10675000	5004
Chr1	10675001	10700000	5003
Chr1	10700001	10725000	5421
Chr1	10725001	10750000	5346
Chr1	10750001	10775000	5483
Chr1	10775001	10800000	4882
Chr1	10800001	10825000	5285
Chr1	10825001	10850000	5769
Chr1	10850001	10875000	33513
Chr1	10875001	10900000	38867
Chr1	10900001	10925000	37626
Chr1	10925001	10950000	37231
Chr1	10950001	10975000	36220
Chr1	10975001	11000000	30906
Chr1	11000001	11025000	5208
Chr1	11025001	11050000	6324
Chr1	11050001	11075000	5319
Chr1	11075001	11100000	25283
Chr1	11100001	11125000	7515
Chr1	11125001	11150000	5688
Chr1	11150001	11175000	5347
Chr1	11175001	11200000	5969
Chr1	11200001	11225000	44866
Chr1	11225001	11250000	42587
Chr1	11250001	11275000	46201
Chr1	11275001	11300000	44598
Chr1	11300001	11325000	40570
Chr1	11325001	11350000	43300
Chr1	11350001	11375000	40340
Chr1	11375001	11400000	42053
Chr1	11400001	11425000	40690
Chr1	11425001	11450000	44160
Chr1	11450001	11475000	39691
Chr1	11475001	11500000	42058
Chr1	11500001	11525000	41438
Chr1	11525001	11550000	45373
Chr1	11550001	11575000	40320
Chr1	11575001	11600000	41965
Chr1	11600001	11625000	44624
Chr1	11625001	11650000	44905
Chr1	11650001	11675000	39541
Chr1	11675001	11700000	41746
Chr1	11700001	11725000	44130
Chr1	11725001	11750000	38750
Chr1	11750001	11775000	14982
Chr2	1	25000	25583
Chr2	25001	50000	40765
Chr2	50001	75000	45225
Chr2	75001	100000	43324
Chr2	100001	125000	40304
Chr2	125001	150000	43514
Chr2	150001	175000	44791
Chr2	175001	200000	44498
Chr2	200001	225000	43148
Chr2	225001	250000	42131
Chr2	250001	275000	41274
Chr2	275001	300000	39461
Chr2	300001	325000	42804
Chr2	325001	350000	41434
Chr2	350001	375000	41822
Chr2	375001	400000	44616
Chr2	400001	425000	45595
Chr2	425001	450000	42449
Chr2	450001	475000	8029
Chr2	475001	500000	9718
Chr2	500001	525000	36279
Chr2	525001	550000	42755
Chr2	550001	575000	38504
Chr2	575001	600000	36553
Chr2	600001	625000	33130
Chr2	625001	650000	41420
Chr2	650001	675000	43170
Chr2	675001	700000	39295
Chr2	700001	725000	42632
Chr2	725001	750000	39927
Chr2	750001	775000	45414
Chr2	775001	800000	42783
Chr2	800001	825000	39741
Chr2	825001	850000	39242
Chr2	850001	875000	15739
Chr2	875001	900000	20275
Chr2	900001	925000	23728
Chr2	925001	950000	5937
Chr2	950001	975000	4973
Chr2	975001	1000000	5134
Chr2	1000001	1025000	4825
Chr2	1025001	1050000	4946
Chr2	1050001	1075000	5127
Chr2	1075001	1100000	5124
Chr2	1100001	1125000	5171
Chr2	1125001	1150000	7632
Chr2	1150001	1175000	4988
Chr2	1175001	1200000	5343
Chr2	1200001	1225000	4893
Chr2	1225001	1250000	5360
Chr2	1250001	1275000	5122
Chr2	1275001	1300000	5450
Chr2	1300001	1325000	5179
Chr2	1325001	1350000	4975
Chr2	1350001	1375000	5543
Chr2	1375001	1400000	4782
Chr2	1400001	1425000	4583
Chr2	1425001	1450000	5512
Chr2	1450001	1475000	5258
Chr2	1475001	1500000	9697
Chr2	1500001	1525000	6028
Chr2	1525001	1550000	4654
Chr2	1550001	1575000	5313
Chr2	1575001	1600000	4937
Chr2	1600001	1625000	4992
Chr2	1625001	1650000	5535
Chr2	1650001	1675000	4715
Chr2	1675001	1700000	4920
Chr2	1700001	1725000	5203
Chr2	1725001	1750000	5003
Chr2	1750001	1775000	5213
Chr2	1775001	1800000	4984
Chr2	1800001	1825000	5395
Chr2	1825001	1850000	5212
Chr2	1850001	1875000	4552
Chr2	1875001	1900000	4895
Chr2	1900001	1925000	4876
Chr2	1925001	1950000	5040
Chr2	1950001	1975000	4783
Chr2	1975001	2000000	4868
Chr2	2000001	2025000	5028
Chr2	2025001	2050000	5176
Chr2	2050001	2075000	5182
Chr2	2075001	2100000	8038
Chr2	2100001	2125000	5135
Chr2	2125001	2150000	4868
Chr2	2150001	2175000	5027
Chr2	2175001	2200000	5528
Chr2	2200001	2225000	5664
Chr2	2225001	2250000	5382
Chr2	2250001	2275000	5015
Chr2	2275001	2300000	5362
Chr2	2300001	2325000	5236
Chr2	2325001	2350000	7163
Chr2	2350001	2375000	5177
Chr2	2375001	2400000	4854
Chr2	2400001	2425000	5168
Chr2	2425001	2450000	5364
Chr2	2450001	2475000	5063
Chr2	2475001	2500000	5328
Chr2	2500001	2525000	5186
Chr2	2525001	2550000	7199
Chr2	2550001	2575000	5295
Chr2	2575001	2600000	5335
Chr2	2600001	2625000	4998
Chr2	2625001	2650000	5243
Chr2	2650001	2675000	5225
Chr2	2675001	2700000	5323
Chr2	2700001	2725000	5077
Chr2	2725001	2750000	5122
Chr2	2750001	2775000	5240
Chr2	2775001	2800000	28779
Chr2	2800001	2825000	42383
Chr2	2825001	2850000	42566
Chr2	2850001	2875000	10025
Chr2	2875001	2900000	6690
Chr2	2900001	2925000	6961
Chr2	2925001	2950000	5137
Chr2	2950001	2975000	5176
Chr2	2975001	3000000	17111
Chr2	3000001	3025000	9119
Chr2	3025001	3050000	5379
Chr2	3050001	3075000	4754
Chr2	3075001	3100000	5357
Chr2	3100001	3125000	6747
Chr2	3125001	3150000	5465
Chr2	3150001	3175000	10399
Chr2	3175001	3200000	5284
Chr2	3200001	3225000	9632
Chr2	3225001	3250000	5083
Chr2	3250001	3275000	4971
Chr2	3275001	3300000	4111
Chr2	3300001	3325000	4573
Chr2	3325001	3350000	4644
Chr2	3350001	3375000	5350
Chr2	3375001	3400000	5077
Chr2	3400001	3425000	4962
Chr2	3425001	3450000	4886
Chr2	3450001	3475000	6570
Chr2	3475001	3500000	26903
Chr2	3500001	3525000	42180
Chr2	3525001	3550000	38897
Chr2	3550001	3575000	35055
Chr2	3575001	3600000	40742
Chr2	3600001	3625000	23059
Chr2	3625001	3650000	35484
Chr2	3650001	3675000	38821
Chr2	3675001	3700000	38202
Chr2	3700001	3725000	36389
Chr2	3725001	3750000	39822
Chr2	3750001	3775000	37830
Chr2	3775001	3800000	46033
Chr2	3800001	3825000	43126
Chr2	3825001	3850000	33950
Chr2	3850001	3875000	41004
Chr2	3875001	3900000	31124
Chr2	3900001	3925000	33939
Chr2	3925001	3950000	35598
Chr2	3950001	3975000	43789
Chr2	3975001	4000000	39920
Chr2	4000001	4025000	44654
Chr2	4025001	4050000	39080
Chr2	4050001	4075000	43078
Chr2	4075001	4100000	43644
Chr2	4100001	4125000	42469
Chr2	4125001	4150000	36828
Chr2	4150001	4175000	34533
Chr2	4175001	4200000	40652
Chr2	4200001	4225000	39073
Chr2	4225001	4250000	32510
Chr2	4250001	4275000	38128
Chr2	4275001	4300000	34743
Chr2	4300001	4325000	41325
Chr2	4325001	4350000	39271
Chr2	4350001	4375000	43097
Chr2	4375001	4400000	40260
Chr2	4400001	4425000	40756
Chr2	4425001	4450000	33386
Chr2	4450001	4475000	38041
Chr2	4475001	4500000	39999
Chr2	4500001	4525000	38947
Chr2	4525001	4550000	30539
Chr2	4550001	4575000	30479
Chr2	4575001	4600000	37486
Chr2	4600001	4625000	32609
Chr2	4625001	4650000	31379
Chr2	4650001	4675000	39084
Chr2	4675001	4700000	40224
Chr2	4700001	4725000	35369
Chr2	4725001	4750000	36125
Chr2	4750001	4775000	32893
Chr2	4775001	4800000	32867
Chr2	4800001	4825000	26624
Chr2	4825001	4850000	32057
Chr2	4850001	4875000	40911
Chr2	4875001	4900000	23380
Chr2	4900001	4925000	38755
Chr2	4925001	4950000	43205
Chr2	4950001	4975000	41524
Chr2	4975001	5000000	36196
Chr2	5000001	5025000	41183
Chr2	5025001	5050000	34837
Chr2	5050001	5075000	41143
Chr2	5075001	5100000	28739
Chr2	5100001	5125000	33974
Chr2	5125001	5150000	33812
Chr2	5150001	5175000	38806
Chr2	5175001	5200000	37565
Chr2	5200001	5225000	33995
Chr2	5225001	5250000	42715
Chr2	5250001	5275000	36643
Chr2	5275001	5300000	39341
Chr2	5300001	5325000	38931
Chr2	5325001	5350000	36959
Chr2	5350001	5375000	36930
Chr2	5375001	5400000	41973
Chr2	5400001	5425000	41955
Chr2	5425001	5450000	44045
Chr2	5450001	5475000	44912
Chr2	5475001	5500000	40220
Chr2	5500001	5525000	34535
Chr2	5525001	5550000	37906
Chr2	5550001	5575000	36723
Chr2	5575001	5600000	39550
Chr2	5600001	5625000	40113
Chr2	5625001	5650000	39092
Chr2	5650001	5675000	35782
Chr2	5675001	5700000	38846
Chr2	5700001	5725000	34013
Chr2	5725001	5750000	40013
Chr2	5750001	5775000	37364
Chr2	5775001	5800000	30414
Chr2	5800001	5825000	38562
Chr2	5825001	5850000	37874
Chr2	5850001	5875000	39505
Chr2	5875001	5900000	38667
Chr2	5900001	5925000	30701
Chr2	5925001	5950000	38451
Chr2	5950001	5975000	15265
Chr2	5975001	6000000	39995
Chr2	6000001	6025000	42141
Chr2	6025001	6050000	32438
Chr2	6050001	6075000	42556
Chr2	6075001	6100000	29042
Chr2	6100001	6125000	35978
Chr2	6125001	6150000	38604
Chr2	6150001	6175000	34230
Chr2	6175001	6200000	43666
Chr2	6200001	6225000	39809
Chr2	6225001	6250000	36458
Chr2	6250001	6275000	34081
Chr2	6275001	6300000	41490
Chr2	6300001	6325000	41876
Chr2	6325001	6350000	40895
Chr2	6350001	6375000	40323
Chr2	6375001	6400000	39026
Chr2	6400001	6425000	38274
Chr2	6425001	6450000	31828
Chr2	6450001	6475000	40871
Chr2	6475001	6500000	39014
Chr2	6500001	6525000	36595
Chr2	6525001	6550000	35697
Chr2	6550001	6575000	18143
Chr2	6575001	6600000	37419
Chr2	6600001	6625000	13057
Chr2	6625001	6650000	11763
Chr2	6650001	6675000	40726
Chr2	6675001	6700000	17019
Chr2	6700001	6725000	4888
Chr2	6725001	6750000	4776
Chr2	6750001	6775000	5410
Chr2	6775001	6800000	5535
Chr2	6800001	6825000	22657
Chr2	6825001	6850000	18644
Chr2	6850001	6875000	36869
Chr2	6875001	6900000	16118
Chr2	6900001	6925000	13892
Chr2	6925001	6950000	5384
Chr2	6950001	6975000	5599
Chr2	6975001	7000000	5228
Chr2	7000001	7025000	4960
Chr2	7025001	7050000	5987
Chr2	7050001	7075000	5264
Chr2	7075001	7100000	5329
Chr2	7100001	7125000	5131
Chr2	7125001	7150000	5130
Chr2	7150001	7175000	4702
Chr2	7175001	7200000	5393
Chr2	7200001	7225000	5560
Chr2	7225001	7250000	4712
Chr2	7250001	7275000	5249
Chr2	7275001	7300000	8051
Chr2	7300001	7325000	7882
Chr2	7325001	7350000	5263
Chr2	7350001	7375000	5157
Chr2	7375001	7400000	8225
Chr2	7400001	7425000	14735
Chr2	7425001	7450000	4785
Chr2	7450001	7475000	5253
Chr2	7475001	7500000	5219
Chr2	7500001	7525000	5516
Chr2	7525001	7550000	5058
Chr2	7550001	7575000	5108
Chr2	7575001	7600000	4931
Chr2	7600001	7625000	6422
Chr2	7625001	7650000	15140
Chr2	7650001	7675000	10273
Chr2	7675001	7700000	12473
Chr2	7700001	7725000	5000
Chr2	7725001	7750000	5063
Chr2	7750001	7775000	14803
Chr2	7775001	7800000	4895
Chr2	7800001	7825000	8528
Chr2	7825001	7850000	5125
Chr2	7850001	7875000	4813
Chr2	7875001	7900000	5379
Chr2	7900001	7925000	5097
Chr2	7925001	7950000	5193
Chr2	7950001	7975000	5000
Chr2	7975001	8000000	6104
Chr2	8000001	8025000	34688
Chr2	8025001	8050000	14261
Chr2	8050001	8075000	13427
Chr2	8075001	8100000	5099
Chr2	8100001	8125000	5035
Chr2	8125001	8150000	5457
Chr2	8150001	8175000	5016
Chr2	8175001	8200000	5620
Chr2	8200001	8225000	34855
Chr2	8225001	8250000	40840
Chr2	8250001	8275000	38276
Chr2	8275001	8300000	34146
Chr2	8300001	8325000	41212
Chr2	8325001	8350000	38388
Chr2	8350001	8375000	36634
Chr2	8375001	8400000	25475
Chr2	8400001	8425000	15139
Chr2	8425001	8450000	15488
Chr2	8450001	8475000	14126
Chr2	8475001	8500000	33988
Chr2	8500001	8525000	40841
Chr2	8525001	8550000	39157
Chr2	8550001	8575000	44885
Chr2	8575001	8600000	43254
Chr2	8600001	8625000	37384
Chr2	8625001	8650000	37950
Chr2	8650001	8675000	38561
Chr2	8675001	8700000	40239
Chr2	8700001	8725000	41551
Chr2	8725001	8750000	42157
Chr2	8750001	8775000	42527
Chr2	8775001	8800000	29750
Chr2	8800001	8825000	43965
Chr2	8825001	8850000	42116
Chr2	8850001	8875000	38293
Chr2	8875001	8900000	45464
Chr2	8900001	8925000	43761
Chr2	8925001	8950000	44967
Chr2	8950001	8975000	48025
Chr2	8975001	9000000	27911
Chr3	1	25000	42333
Chr3	25001	50000	42042
Chr3	50001	75000	42097
Chr3	75001	100000	46710
Chr3	100001	125000	38744
Chr3	125001	150000	41207
Chr3	150001	175000	45232
Chr3	175001	200000	43124
Chr3	200001	225000	42945
Chr3	225001	250000	42523
Chr3	250001	275000	43659
Chr3	275001	300000	42202
Chr3	300001	325000	43464
Chr3	325001	350000	43749
Chr3	350001	375000	45005
Chr3	375001	400000	30142
Chr3	400001	425000	45801
Chr3	425001	450000	41289
Chr3	450001	475000	43283
Chr3	475001	500000	42110
Chr3	500001	525000	41401
Chr3	525001	550000	31766
Chr3	550001	575000	17925
Chr3	575001	600000	35630
Chr3	600001	625000	5640
Chr3	625001	650000	5376
Chr3	650001	675000	6125
Chr3	675001	700000	33843
Chr3	700001	725000	5526
Chr3	725001	750000	26747
Chr3	750001	775000	36016
Chr3	775001	800000	31997
Chr3	800001	825000	5905
Chr3	825001	850000	5275
Chr3	850001	875000	5759
Chr3	875001	900000	4750
Chr3	900001	925000	4799
Chr3	925001	950000	4969
Chr3	950001	975000	5014
Chr3	975001	1000000	5198
Chr3	1000001	1025000	4943
Chr3	1025001	1050000	5250
Chr3	1050001	1075000	4893
Chr3	1075001	1100000	5310
Chr3	1100001	1125000	4921
Chr3	1125001	1150000	4670
Chr3	1150001	1175000	5111
Chr3	1175001	1200000	9888
Chr3	1200001	1225000	9491
Chr3	1225001	1250000	4975
Chr3	1250001	1275000	5256
Chr3	1275001	1300000	5005
Chr3	1300001	1325000	4793
Chr3	1325001	1350000	5462
Chr3	1350001	1375000	5431
Chr3	1375001	1400000	6271
Chr3	1400001	1425000	5343
Chr3	1425001	1450000	5580
Chr3	1450001	1475000	5199
Chr3	1475001	1500000	4902
Chr3	1500001	1525000	5015
Chr3	1525001	1550000	5082
Chr3	1550001	1575000	4615
Chr3	1575001	1600000	4645
Chr3	1600001	1625000	4852
Chr3	1625001	1650000	4915
Chr3	1650001	1675000	5015
Chr3	1675001	1700000	4842
Chr3	1700001	1725000	4959
Chr3	1725001	1750000	5114
Chr3	1750001	1775000	5224
Chr3	1775001	1800000	4923
Chr3	1800001	1825000	5427
Chr3	1825001	1850000	5353
Chr3	1850001	1875000	4809
Chr3	1875001	1900000	4626
Chr3	1900001	1925000	5191
Chr3	1925001	1950000	4831
Chr3	1950001	1975000	9281
Chr3	1975001	2000000	5069
Chr3	2000001	2025000	4986
Chr3	2025001	2050000	8804
Chr3	2050001	2075000	8940
Chr3	2075001	2100000	5289
Chr3	2100001	2125000	4842
Chr3	2125001	2150000	4628
Chr3	2150001	2175000	5467
Chr3	2175001	2200000	5321
Chr3	2200001	2225000	4542
Chr3	2225001	2250000	5035
Chr3	2250001	2275000	5722
Chr3	2275001	2300000	4923
Chr3	2300001	2325000	5059
Chr3	2325001	2350000	5135
Chr3	2350001	2375000	5066
Chr3	2375001	2400000	5505
Chr3	2400001	2425000	4936
Chr3	2425001	2450000	4689
Chr3	2450001	2475000	4880
Chr3	2475001	2500000	5231
Chr3	2500001	2525000	4667
Chr3	2525001	2550000	5149
Chr3	2550001	2575000	4981
Chr3	2575001	2600000	8735
Chr3	2600001	2625000	5322
Chr3	2625001	2650000	5222
Chr3	2650001	2675000	4889
Chr3	2675001	2700000	4690
Chr3	2700001	2725000	5168
Chr3	2725001	2750000	4977
Chr3	2750001	2775000	5623
Chr3	2775001	2800000	5366
Chr3	2800001	2825000	7009
Chr3	2825001	2850000	4959
Chr3	2850001	2875000	5134
Chr3	2875001	2900000	5319
Chr3	2900001	2925000	5425
Chr3	2925001	2950000	4818
Chr3	2950001	2975000	4834
Chr3	2975001	3000000	5177
Chr3	3000001	3025000	4765
Chr3	3025001	3050000	6205
Chr3	3050001	3075000	14638
Chr3	3075001	3100000	9693
Chr3	3100001	3125000	5533
Chr3	3125001	3150000	14657
Chr3	3150001	3175000	32696
Chr3	3175001	3200000	30325
Chr3	3200001	3225000	5671
Chr3	3225001	3250000	7278
Chr3	3250001	3275000	10439
Chr3	3275001	3300000	25785
Chr3	3300001	3325000	21339
Chr3	3325001	3350000	5407
Chr3	3350001	3375000	6215
Chr3	3375001	3400000	31753
Chr3	3400001	3425000	37422
Chr3	3425001	3450000	43985
Chr3	3450001	3475000	41465
Chr3	3475001	3500000	42984
Chr3	3500001	3525000	32852
Chr3	3525001	3550000	5987
Chr3	3550001	3575000	5332
Chr3	3575001	3600000	5244
Chr3	3600001	3625000	4787
Chr3	3625001	3650000	4812
Chr3	3650001	3675000	5321
Chr3	3675001	3700000	4585
Chr3	3700001	3725000	5285
Chr3	3725001	3750000	5184
Chr3	3750001	3775000	5137
Chr3	3775001	3800000	5034
Chr3	3800001	3825000	14117
Chr3	3825001	3850000	24245
Chr3	3850001	3875000	20689
Chr3	3875001	3900000	4945
Chr3	3900001	3925000	4844
Chr3	3925001	3950000	4964
Chr3	3950001	3975000	4910
Chr3	3975001	4000000	5243
Chr3	4000001	4025000	5518
Chr3	4025001	4050000	4985
Chr3	4050001	4075000	4936
Chr3	4075001	4100000	5313
Chr3	4100001	4125000	4476
Chr3	4125001	4150000	5116
Chr3	4150001	4175000	5005
Chr3	4175001	4200000	4972
Chr3	4200001	4225000	4994
Chr3	4225001	4250000	5023
Chr3	4250001	4275000	4960
Chr3	4275001	4300000	4685
Chr3	4300001	4325000	4880
Chr3	4325001	4350000	5043
Chr3	4350001	4375000	5164
Chr3	4375001	4400000	5195
Chr3	4400001	4425000	4901
Chr3	4425001	4450000	5292
Chr3	4450001	4475000	5185
Chr3	4475001	4500000	4658
Chr3	4500001	4525000	5453
Chr3	4525001	4550000	5061
Chr3	4550001	4575000	4847
Chr3	4575001	4600000	5292
Chr3	4600001	4625000	5012
Chr3	4625001	4650000	5075
Chr3	4650001	4675000	5102
Chr3	4675001	4700000	5217
Chr3	4700001	4725000	5265
Chr3	4725001	4750000	4574
Chr3	4750001	4775000	4891
Chr3	4775001	4800000	4493
Chr3	4800001	4825000	5094
Chr3	4825001	4850000	5323
Chr3	4850001	4875000	5268
Chr3	4875001	4900000	4731
Chr3	4900001	4925000	5423
Chr3	4925001	4950000	5037
Chr3	4950001	4975000	5161
Chr3	4975001	5000000	4838
Chr3	5000001	5025000	4858
Chr3	5025001	5050000	5124
Chr3	5050001	5075000	4893
Chr3	5075001	5100000	4595
Chr3	5100001	5125000	4720
Chr3	5125001	5150000	5107
Chr3	5150001	5175000	5382
Chr3	5175001	5200000	5411
Chr3	5200001	5225000	9679
Chr3	5225001	5250000	5045
Chr3	5250001	5275000	5325
Chr3	5275001	5300000	5206
Chr3	5300001	5325000	5348
Chr3	5325001	5350000	4888
Chr3	5350001	5375000	3207
Chr3	5375001	5400000	3928
Chr3	5400001	5425000	4806
Chr3	5425001	5450000	4951
Chr3	5450001	5475000	5218
Chr3	5475001	5500000	5480
Chr3	5500001	5525000	4753
Chr3	5525001	5550000	5518
Chr3	5550001	5575000	5063
Chr3	5575001	5600000	5069
Chr3	5600001	5625000	19486
Chr3	5625001	5650000	5747
Chr3	5650001	5675000	5142
Chr3	5675001	5700000	5237
Chr3	5700001	5725000	5008
Chr3	5725001	5750000	5536
Chr3	5750001	5775000	4839
Chr3	5775001	5800000	4954
Chr3	5800001	5825000	5318
Chr3	5825001	5850000	4744
Chr3	5850001	5875000	5123
Chr3	5875001	5900000	5504
Chr3	5900001	5925000	5062
Chr3	5925001	5950000	5359
Chr3	5950001	5975000	5437
Chr3	5975001	6000000	5471
Chr3	6000001	6025000	5895
Chr3	6025001	6050000	5110
Chr3	6050001	6075000	5068
Chr3	6075001	6100000	5140
Chr3	6100001	6125000	5110
Chr3	6125001	6150000	5206
Chr3	6150001	6175000	5283
Chr3	6175001	6200000	12914
Chr3	6200001	6225000	23526
Chr3	6225001	6250000	6533
Chr3	6250001	6275000	24982
Chr3	6275001	6300000	19148
Chr3	6300001	6325000	11068
Chr3	6325001	6350000	37302
Chr3	6350001	6375000	40043
Chr3	6375001	6400000	39034
Chr3	6400001	6425000	40030
Chr3	6425001	6450000	25381
Chr3	6450001	6475000	36413
Chr3	6475001	6500000	40136
Chr3	6500001	6525000	39690
Chr3	6525001	6550000	36593
Chr3	6550001	6575000	38679
Chr3	6575001	6600000	40764
Chr3	6600001	6625000	34993
Chr3	6625001	6650000	40606
Chr3	6650001	6675000	37923
Chr3	6675001	6700000	35669
Chr3	6700001	6725000	39045
Chr3	6725001	6750000	39922
Chr3	6750001	6775000	35032
Chr3	6775001	6800000	43300
Chr3	6800001	6825000	41303
Chr3	6825001	6850000	43628
Chr3	6850001	6875000	40231
Chr3	6875001	6900000	35263
Chr3	6900001	6925000	35738
Chr3	6925001	6950000	41876
Chr3	6950001	6975000	41303
Chr3	6975001	7000000	42782
Chr3	7000001	7025000	28928
Chr3	7025001	7050000	43750
Chr3	7050001	7075000	36902
Chr3	7075001	7100000	43189
Chr3	7100001	7125000	42171
Chr3	7125001	7150000	38856
Chr3	7150001	7175000	32122
Chr3	7175001	7200000	36071
Chr3	7200001	7225000	37131
Chr3	7225001	7250000	34572
Chr3	7250001	7275000	37990
Chr3	7275001	7300000	41075
Chr3	7300001	7325000	40685
Chr3	7325001	7350000	39578
Chr3	7350001	7375000	43258
Chr3	7375001	7400000	44561
Chr3	7400001	7425000	41252
Chr3	7425001	7450000	41778
Chr3	7450001	7475000	38652
Chr3	7475001	7500000	43146
Chr3	7500001	7525000	42096
Chr3	7525001	7550000	37534
Chr3	7550001	7575000	45366
Chr3	7575001	7600000	41962
Chr3	7600001	7625000	47644
Chr3	7625001	7650000	44748
Chr3	7650001	7675000	41510
Chr3	7675001	7700000	44705
Chr3	7700001	7725000	47583
Chr3	7725001	7750000	44737
Chr3	7750001	7775000	42838
Chr3	7775001	7800000	20176
Chr4	1	25000	34095
Chr4	25001	50000	42041
Chr4	50001	75000	46945
Chr4	75001	100000	43772
Chr4	100001	125000	35139
Chr4	125001	150000	49573
Chr4	150001	175000	33116
Chr4	175001	200000	46742
Chr4	200001	225000	54912
Chr4	225001	250000	5937
Chr4	250001	275000	5542
Chr4	275001	300000	5141
Chr4	300001	325000	5260
Chr4	325001	350000	4883
Chr4	350001	375000	5074
Chr4	375001	400000	4966
Chr4	400001	425000	4888
Chr4	425001	450000	4581
Chr4	450001	475000	7375
Chr4	475001	500000	5048
Chr4	500001	525000	5138
Chr4	525001	550000	5226
Chr4	550001	575000	22527
Chr4	575001	600000	27775
Chr4	600001	625000	5102
Chr4	625001	650000	4827
Chr4	650001	675000	5294
Chr4	675001	700000	4668
Chr4	700001	725000	4865
Chr4	725001	750000	5403
Chr4	750001	775000	5248
Chr4	775001	800000	4934
Chr4	800001	825000	5186
Chr4	825001	850000	5251
Chr4	850001	875000	4743
Chr4	875001	900000	5212
Chr4	900001	925000	4704
Chr4	925001	950000	5663
Chr4	950001	975000	4805
Chr4	975001	1000000	4941
Chr4	1000001	1025000	5260
Chr4	1025001	1050000	5390
Chr4	1050001	1075000	5357
Chr4	1075001	1100000	5331
Chr4	1100001	1125000	4923
Chr4	1125001	1150000	4979
Chr4	1150001	1175000	5286
Chr4	1175001	1200000	5369
Chr4	1200001	1225000	5139
Chr4	1225001	1250000	5012
Chr4	1250001	1275000	4793
Chr4	1275001	1300000	5134
Chr4	1300001	1325000	5115
Chr4	1325001	1350000	5267
Chr4	1350001	1375000	4721
Chr4	1375001	1400000	4964
Chr4	1400001	1425000	5572
Chr4	1425001	1450000	5276
Chr4	1450001	1475000	5437
Chr4	1475001	1500000	4902
Chr4	1500001	1525000	5089
Chr4	1525001	1550000	5070
Chr4	1550001	1575000	5319
Chr4	1575001	1600000	4762
Chr4	1600001	1625000	6751
Chr4	1625001	1650000	5126
Chr4	1650001	1675000	5001
Chr4	1675001	1700000	5581
Chr4	1700001	1725000	5269
Chr4	1725001	1750000	4991
Chr4	1750001	1775000	5310
Chr4	1775001	1800000	4821
Chr4	1800001	1825000	4843
Chr4	1825001	1850000	4525
Chr4	1850001	1875000	5079
Chr4	1875001	1900000	5225
Chr4	1900001	1925000	5068
Chr4	1925001	1950000	5242
Chr4	1950001	1975000	5081
Chr4	1975001	2000000	5102
Chr4	2000001	2025000	5030
Chr4	2025001	2050000	5039
Chr4	2050001	2075000	4793
Chr4	2075001	2100000	5052
Chr4	2100001	2125000	8458
Chr4	2125001	2150000	5124
Chr4	2150001	2175000	5044
Chr4	2175001	2200000	4855
Chr4	2200001	2225000	5436
Chr4	2225001	2250000	5582
Chr4	2250001	2275000	4876
Chr4	2275001	2300000	5121
Chr4	2300001	2325000	5421
Chr4	2325001	2350000	5151
Chr4	2350001	2375000	4577
Chr4	2375001	2400000	4897
Chr4	2400001	2425000	5038
Chr4	2425001	2450000	5149
Chr4	2450001	2475000	5043
Chr4	2475001	2500000	5054
Chr4	2500001	2525000	4804
Chr4	2525001	2550000	5258
Chr4	2550001	2575000	4800
Chr4	2575001	2600000	5042
Chr4	2600001	2625000	5071
Chr4	2625001	2650000	5509
Chr4	2650001	2675000	5261
Chr4	2675001	2700000	5055
Chr4	2700001	2725000	4919
Chr4	2725001	2750000	5847
Chr4	2750001	2775000	4827
Chr4	2775001	2800000	5354
Chr4	2800001	2825000	4685
Chr4	2825001	2850000	5361
Chr4	2850001	2875000	4817
Chr4	2875001	2900000	4786
Chr4	2900001	2925000	5132
Chr4	2925001	2950000	4488
Chr4	2950001	2975000	4959
Chr4	2975001	3000000	5113
Chr4	3000001	3025000	5122
Chr4	3025001	3050000	5224
Chr4	3050001	3075000	6396
Chr4	3075001	3100000	4978
Chr4	3100001	3125000	5297
Chr4	3125001	3150000	4795
Chr4	3150001	3175000	5628
Chr4	3175001	3200000	5185
Chr4	3200001	3225000	5089
Chr4	3225001	3250000	5298
Chr4	3250001	3275000	5244
Chr4	3275001	3300000	5689
Chr4	3300001	3325000	5385
Chr4	3325001	3350000	4921
Chr4	3350001	3375000	5143
Chr4	3375001	3400000	7088
Chr4	3400001	3425000	5316
Chr4	3425001	3450000	5382
Chr4	3450001	3475000	5174
Chr4	3475001	3500000	5248
Chr4	3500001	3525000	4919
Chr4	3525001	3550000	5165
Chr4	3550001	3575000	5033
Chr4	3575001	3600000	4879
Chr4	3600001	3625000	5056
Chr4	3625001	3650000	5645
Chr4	3650001	3675000	5595
Chr4	3675001	3700000	5155
Chr4	3700001	3725000	10184
Chr4	3725001	3750000	5213
Chr4	3750001	3775000	5329
Chr4	3775001	3800000	19860
Chr4	3800001	3825000	11248
Chr4	3825001	3850000	4983
Chr4	3850001	3875000	27333
Chr4	3875001	3900000	37044
Chr4	3900001	3925000	41591
Chr4	3925001	3950000	38978
Chr4	3950001	3975000	39157
Chr4	3975001	4000000	42422
Chr4	4000001	4025000	40641
Chr4	4025001	4050000	35035
Chr4	4050001	4075000	39560
Chr4	4075001	4100000	38809
Chr4	4100001	4125000	43205
Chr4	4125001	4150000	39226
Chr4	4150001	4175000	38740
Chr4	4175001	4200000	37295
Chr4	4200001	4225000	36189
Chr4	4225001	4250000	43101
Chr4	4250001	4275000	34547
Chr4	4275001	4300000	43848
Chr4	4300001	4325000	43505
Chr4	4325001	4350000	41175
Chr4	4350001	4375000	43284
Chr4	4375001	4400000	44052
Chr4	4400001	4425000	43102
Chr4	4425001	4450000	38774
Chr4	4450001	4475000	42269
Chr4	4475001	4500000	39434
Chr4	4500001	4525000	39971
Chr4	4525001	4550000	35724
Chr4	4550001	4575000	39147
Chr4	4575001	4600000	40580
Chr4	4600001	4625000	38252
Chr4	4625001	4650000	31780
Chr4	4650001	4675000	39849
Chr4	4675001	4700000	14044
Chr4	4700001	4725000	5634
Chr4	4725001	4750000	4848
Chr4	4750001	4775000	24996
Chr4	4775001	4800000	19080
Chr4	4800001	4825000	36409
Chr4	4825001	4850000	34054
Chr4	4850001	4875000	26767
Chr4	4875001	4900000	5500
Chr4	4900001	4925000	5207
Chr4	4925001	4950000	4939
Chr4	4950001	4975000	5415
Chr4	4975001	5000000	5813
Chr4	5000001	5025000	5361
Chr4	5025001	5050000	4616
Chr4	5050001	5075000	3966
Chr4	5075001	5100000	3813
Chr4	5100001	5125000	5326
Chr4	5125001	5150000	5758
Chr4	5150001	5175000	5534
Chr4	5175001	5200000	5921
Chr4	5200001	5225000	21013
Chr4	5225001	5250000	13487
Chr4	5250001	5275000	4786
Chr4	5275001	5300000	4787
Chr4	5300001	5325000	5519
Chr4	5325001	5350000	4806
Chr4	5350001	5375000	4818
Chr4	5375001	5400000	5002
Chr4	5400001	5425000	4786
Chr4	5425001	5450000	5207
Chr4	5450001	5475000	5124
Chr4	5475001	5500000	14260
Chr4	5500001	5525000	5321
Chr4	5525001	5550000	6295
Chr4	5550001	5575000	7418
Chr4	5575001	5600000	5483
Chr4	5600001	5625000	7718
Chr4	5625001	5650000	4890
Chr4	5650001	5675000	8424
Chr4	5675001	5700000	5276
Chr4	5700001	5725000	4960
Chr4	5725001	5750000	5160
Chr4	5750001	5775000	5125
Chr4	5775001	5800000	5614
Chr4	5800001	5825000	4898
Chr4	5825001	5850000	4957
Chr4	5850001	5875000	4781
Chr4	5875001	5900000	5222
Chr4	5900001	5925000	5247
Chr4	5925001	5950000	5410
Chr4	5950001	5975000	4655
Chr4	5975001	6000000	5440
Chr4	6000001	6025000	4891
Chr4	6025001	6050000	5169
Chr4	6050001	6075000	5019
Chr4	6075001	6100000	6322
Chr4	6100001	6125000	5105
Chr4	6125001	6150000	4887
Chr4	6150001	6175000	5065
Chr4	6175001	6200000	4977
Chr4	6200001	6225000	4693
Chr4	6225001	6250000	4645
Chr4	6250001	6275000	5133
Chr4	6275001	6300000	5134
Chr4	6300001	6325000	5091
Chr4	6325001	6350000	4972
Chr4	6350001	6375000	4695
Chr4	6375001	6400000	5342
Chr4	6400001	6425000	4859
Chr4	6425001	6450000	5181
Chr4	6450001	6475000	5287
Chr4	6475001	6500000	11590
Chr4	6500001	6525000	8728
Chr4	6525001	6550000	8477
Chr4	6550001	6575000	14150
Chr4	6575001	6600000	5010
Chr4	6600001	6625000	4837
Chr4	6625001	6650000	9297
Chr4	6650001	6675000	5406
Chr4	6675001	6700000	5097
Chr4	6700001	6725000	4797
Chr4	6725001	6750000	8724
Chr4	6750001	6775000	9065
Chr4	6775001	6800000	21202
Chr4	6800001	6825000	28760
Chr4	6825001	6850000	40920
Chr4	6850001	6875000	5483
Chr4	6875001	6900000	28222
Chr4	6900001	6925000	7884
Chr4	6925001	6950000	4806
Chr4	6950001	6975000	5091
Chr4	6975001	7000000	4899
Chr4	7000001	7025000	5492
Chr4	7025001	7050000	5615
Chr4	7050001	7075000	4917
Chr4	7075001	7100000	5160
Chr4	7100001	7125000	5285
Chr4	7125001	7150000	4830
Chr4	7150001	7175000	5706
Chr4	7175001	7200000	4743
Chr4	7200001	7225000	4846
Chr4	7225001	7250000	9948
Chr4	7250001	7275000	5981
Chr4	7275001	7300000	20102
Chr4	7300001	7325000	6150
Chr4	7325001	7350000	36220
Chr4	7350001	7375000	7156
Chr4	7375001	7400000	36803
Chr4	7400001	7425000	6070
Chr4	7425001	7450000	25231
Chr4	7450001	7475000	38663
Chr4	7475001	7500000	39846
Chr4	7500001	7525000	41946
Chr4	7525001	7550000	42742
Chr4	7550001	7575000	42859
Chr4	7575001	7600000	44391
Chr4	7600001	7625000	42886
Chr4	7625001	7650000	40456
Chr4	7650001	7675000	39720
Chr4	7675001	7700000	43265
Chr4	7700001	7725000	42333
Chr4	7725001	7750000	27106
Chr4	7750001	7775000	23875
Chr4	7775001	7800000	4844
Chr4	7800001	7825000	5048
Chr4	7825001	7850000	5204
Chr4	7850001	7875000	6614
Chr4	7875001	7900000	4790
Chr4	7900001	7925000	5496
Chr4	7925001	7950000	5769
Chr4	7950001	7975000	5044
Chr4	7975001	8000000	5275
Chr4	8000001	8025000	4672
Chr4	8025001	8050000	4169
Chr4	8050001	8075000	4360
Chr4	8075001	8100000	4388
Chr4	8100001	8125000	4362
Chr4	8125001	8150000	4310
Chr4	8150001	8175000	4213
Chr4	8175001	8200000	4317
Chr4	8200001	8225000	4229
Chr4	8225001	8250000	4286
Chr4	8250001	8275000	4287
Chr4	8275001	8300000	4304
Chr4	8300001	8325000	4250
Chr4	8325001	8350000	4185
Chr4	8350001	8375000	4377
Chr4	8375001	8400000	4238
Chr4	8400001	8425000	4342
Chr4	8425001	8450000	4233
Chr4	8450001	8475000	4172
Chr4	8475001	8500000	4380
Chr4	8500001	8525000	4291
Chr4	8525001	8550000	4215
Chr4	8550001	8575000	4156
Chr4	8575001	8600000	4152
Chr4	8600001	8625000	4234
Chr4	8625001	8650000	4334
Chr4	8650001	8675000	4109
Chr4	8675001	8700000	4249
Chr4	8700001	8725000	4245
Chr4	8725001	8750000	4189
Chr4	8750001	8775000	4262
Chr4	8775001	8800000	4060
Chr4	8800001	8825000	4418
Chr4	8825001	8850000	4351
Chr4	8850001	8875000	4252
Chr4	8875001	8900000	4154
Chr4	8900001	8925000	4349
Chr4	8925001	8950000	4222
Chr4	8950001	8975000	4199
Chr4	8975001	9000000	4315
Chr4	9000001	9025000	4340
Chr4	9025001	9050000	4302
Chr4	9050001	9075000	4214
Chr4	9075001	9100000	4243
Chr4	9100001	9125000	4241
Chr4	9125001	9150000	4311
Chr4	9150001	9175000	4250
Chr4	9175001	9200000	4242
Chr4	9200001	9225000	4174
Chr4	9225001	9250000	4210
Chr4	9250001	9275000	4297
Chr4	9275001	9300000	4267
Chr4	9300001	9325000	4302
Chr4	9325001	9350000	4198
Chr4	9350001	9375000	4303
Chr4	9375001	9400000	4799
Chr4	9400001	9425000	1153
