Chr1	1	25000	21977
Chr1	25001	50000	34913
Chr1	50001	75000	37565
Chr1	75001	100000	41529
Chr1	100001	125000	44413
Chr1	125001	150000	40618
Chr1	150001	175000	47063
Chr1	175001	200000	43428
Chr1	200001	225000	44308
Chr1	225001	250000	45877
Chr1	250001	275000	43506
Chr1	275001	300000	45208
Chr1	300001	325000	48385
Chr1	325001	350000	50475
Chr1	350001	375000	44690
Chr1	375001	400000	45872
Chr1	400001	425000	47502
Chr1	425001	450000	46434
Chr1	450001	475000	33625
Chr1	475001	500000	40655
Chr1	500001	525000	42859
Chr1	525001	550000	43657
Chr1	550001	575000	30817
Chr1	575001	600000	26331
Chr1	600001	625000	37304
Chr1	625001	650000	37820
Chr1	650001	675000	45242
Chr1	675001	700000	39497
Chr1	700001	725000	48015
Chr1	725001	750000	40164
Chr1	750001	775000	36885
Chr1	775001	800000	31435
Chr1	800001	825000	38544
Chr1	825001	850000	36313
Chr1	850001	875000	29406
Chr1	875001	900000	33507
Chr1	900001	925000	35827
Chr1	925001	950000	39553
Chr1	950001	975000	37538
Chr1	975001	1000000	25034
Chr1	1000001	1025000	33099
Chr1	1025001	1050000	36834
Chr1	1050001	1075000	32466
Chr1	1075001	1100000	23771
Chr1	1100001	1125000	40719
Chr1	1125001	1150000	25165
Chr1	1150001	1175000	36143
Chr1	1175001	1200000	36944
Chr1	1200001	1225000	34990
Chr1	1225001	1250000	34364
Chr1	1250001	1275000	26666
Chr1	1275001	1300000	35583
Chr1	1300001	1325000	26222
Chr1	1325001	1350000	30932
Chr1	1350001	1375000	32310
Chr1	1375001	1400000	39753
Chr1	1400001	1425000	30754
Chr1	1425001	1450000	28143
Chr1	1450001	1475000	31166
Chr1	1475001	1500000	29618
Chr1	1500001	1525000	29730
Chr1	1525001	1550000	37581
Chr1	1550001	1575000	28056
Chr1	1575001	1600000	42881
Chr1	1600001	1625000	30144
Chr1	1625001	1650000	25891
Chr1	1650001	1675000	27748
Chr1	1675001	1700000	29803
Chr1	1700001	1725000	35543
Chr1	1725001	1750000	37415
Chr1	1750001	1775000	37677
Chr1	1775001	1800000	23174
Chr1	1800001	1825000	42269
Chr1	1825001	1850000	32389
Chr1	1850001	1875000	29448
Chr1	1875001	1900000	33298
Chr1	1900001	1925000	30799
Chr1	1925001	1950000	32505
Chr1	1950001	1975000	32687
Chr1	1975001	2000000	31807
Chr1	2000001	2025000	37831
Chr1	2025001	2050000	47182
Chr1	2050001	2075000	32843
Chr1	2075001	2100000	39727
Chr1	2100001	2125000	28470
Chr1	2125001	2150000	28695
Chr1	2150001	2175000	36320
Chr1	2175001	2200000	39971
Chr1	2200001	2225000	37891
Chr1	2225001	2250000	18538
Chr1	2250001	2275000	36849
Chr1	2275001	2300000	23274
Chr1	2300001	2325000	35475
Chr1	2325001	2350000	39597
Chr1	2350001	2375000	23162
Chr1	2375001	2400000	31373
Chr1	2400001	2425000	35729
Chr1	2425001	2450000	39481
Chr1	2450001	2475000	34035
Chr1	2475001	2500000	36274
Chr1	2500001	2525000	42115
Chr1	2525001	2550000	31802
Chr1	2550001	2575000	33611
Chr1	2575001	2600000	31051
Chr1	2600001	2625000	36366
Chr1	2625001	2650000	33798
Chr1	2650001	2675000	36652
Chr1	2675001	2700000	27771
Chr1	2700001	2725000	32191
Chr1	2725001	2750000	36950
Chr1	2750001	2775000	29744
Chr1	2775001	2800000	34312
Chr1	2800001	2825000	32157
Chr1	2825001	2850000	36282
Chr1	2850001	2875000	38750
Chr1	2875001	2900000	35023
Chr1	2900001	2925000	30289
Chr1	2925001	2950000	33007
Chr1	2950001	2975000	37651
Chr1	2975001	3000000	35213
Chr1	3000001	3025000	31375
Chr1	3025001	3050000	34704
Chr1	3050001	3075000	32074
Chr1	3075001	3100000	33758
Chr1	3100001	3125000	17230
Chr1	3125001	3150000	31978
Chr1	3150001	3175000	36036
Chr1	3175001	3200000	40097
Chr1	3200001	3225000	29110
Chr1	3225001	3250000	33224
Chr1	3250001	3275000	26925
Chr1	3275001	3300000	27554
Chr1	3300001	3325000	33845
Chr1	3325001	3350000	38424
Chr1	3350001	3375000	33717
Chr1	3375001	3400000	33429
Chr1	3400001	3425000	35555
Chr1	3425001	3450000	24656
Chr1	3450001	3475000	45187
Chr1	3475001	3500000	38947
Chr1	3500001	3525000	29413
Chr1	3525001	3550000	30039
Chr1	3550001	3575000	41383
Chr1	3575001	3600000	28184
Chr1	3600001	3625000	31493
Chr1	3625001	3650000	34011
Chr1	3650001	3675000	36705
Chr1	3675001	3700000	38240
Chr1	3700001	3725000	38842
Chr1	3725001	3750000	31437
Chr1	3750001	3775000	32645
Chr1	3775001	3800000	34648
Chr1	3800001	3825000	33519
Chr1	3825001	3850000	33269
Chr1	3850001	3875000	25873
Chr1	3875001	3900000	23542
Chr1	3900001	3925000	38107
Chr1	3925001	3950000	37073
Chr1	3950001	3975000	33680
Chr1	3975001	4000000	38578
Chr1	4000001	4025000	37433
Chr1	4025001	4050000	29334
Chr1	4050001	4075000	36732
Chr1	4075001	4100000	33768
Chr1	4100001	4125000	32287
Chr1	4125001	4150000	24709
Chr1	4150001	4175000	40883
Chr1	4175001	4200000	31146
Chr1	4200001	4225000	29493
Chr1	4225001	4250000	40146
Chr1	4250001	4275000	39899
Chr1	4275001	4300000	25770
Chr1	4300001	4325000	30725
Chr1	4325001	4350000	37271
Chr1	4350001	4375000	34488
Chr1	4375001	4400000	32725
Chr1	4400001	4425000	37274
Chr1	4425001	4450000	35413
Chr1	4450001	4475000	37337
Chr1	4475001	4500000	30734
Chr1	4500001	4525000	33493
Chr1	4525001	4550000	35557
Chr1	4550001	4575000	38589
Chr1	4575001	4600000	38050
Chr1	4600001	4625000	33802
Chr1	4625001	4650000	27323
Chr1	4650001	4675000	34663
Chr1	4675001	4700000	27705
Chr1	4700001	4725000	29584
Chr1	4725001	4750000	39490
Chr1	4750001	4775000	35969
Chr1	4775001	4800000	34870
Chr1	4800001	4825000	27778
Chr1	4825001	4850000	30891
Chr1	4850001	4875000	33659
Chr1	4875001	4900000	25336
Chr1	4900001	4925000	32541
Chr1	4925001	4950000	31172
Chr1	4950001	4975000	30516
Chr1	4975001	5000000	36103
Chr1	5000001	5025000	37356
Chr1	5025001	5050000	34283
Chr1	5050001	5075000	41415
Chr1	5075001	5100000	37769
Chr1	5100001	5125000	32622
Chr1	5125001	5150000	38326
Chr1	5150001	5175000	35227
Chr1	5175001	5200000	34695
Chr1	5200001	5225000	30820
Chr1	5225001	5250000	41318
Chr1	5250001	5275000	24484
Chr1	5275001	5300000	37430
Chr1	5300001	5325000	39339
Chr1	5325001	5350000	37696
Chr1	5350001	5375000	35693
Chr1	5375001	5400000	32742
Chr1	5400001	5425000	32565
Chr1	5425001	5450000	29780
Chr1	5450001	5475000	34158
Chr1	5475001	5500000	37744
Chr1	5500001	5525000	41612
Chr1	5525001	5550000	36825
Chr1	5550001	5575000	33044
Chr1	5575001	5600000	40825
Chr1	5600001	5625000	34894
Chr1	5625001	5650000	34745
Chr1	5650001	5675000	39235
Chr1	5675001	5700000	35208
Chr1	5700001	5725000	39684
Chr1	5725001	5750000	36549
Chr1	5750001	5775000	43964
Chr1	5775001	5800000	42353
Chr1	5800001	5825000	42792
Chr1	5825001	5850000	41305
Chr1	5850001	5875000	43785
Chr1	5875001	5900000	46766
Chr1	5900001	5925000	42029
Chr1	5925001	5950000	48467
Chr1	5950001	5975000	40965
Chr1	5975001	6000000	44404
Chr1	6000001	6025000	23309
Chr1	6025001	6050000	36291
Chr1	6050001	6075000	30977
Chr1	6075001	6100000	33331
Chr1	6100001	6125000	27795
Chr1	6125001	6150000	38549
Chr1	6150001	6175000	31611
Chr1	6175001	6200000	29284
Chr1	6200001	6225000	32506
Chr1	6225001	6250000	36709
Chr1	6250001	6275000	34832
Chr1	6275001	6300000	37697
Chr1	6300001	6325000	34163
Chr1	6325001	6350000	39216
Chr1	6350001	6375000	38824
Chr1	6375001	6400000	33679
Chr1	6400001	6425000	37902
Chr1	6425001	6450000	39972
Chr1	6450001	6475000	35612
Chr1	6475001	6500000	43487
Chr1	6500001	6525000	36533
Chr1	6525001	6550000	37448
Chr1	6550001	6575000	38710
Chr1	6575001	6600000	46774
Chr1	6600001	6625000	32058
Chr1	6625001	6650000	38869
Chr1	6650001	6675000	34388
Chr1	6675001	6700000	35305
Chr1	6700001	6725000	39742
Chr1	6725001	6750000	36732
Chr1	6750001	6775000	38111
Chr1	6775001	6800000	36560
Chr1	6800001	6825000	30276
Chr1	6825001	6850000	34146
Chr1	6850001	6875000	36844
Chr1	6875001	6900000	38424
Chr1	6900001	6925000	35744
Chr1	6925001	6950000	37149
Chr1	6950001	6975000	44283
Chr1	6975001	7000000	42791
Chr1	7000001	7025000	36821
Chr1	7025001	7050000	40928
Chr1	7050001	7075000	39580
Chr1	7075001	7100000	45381
Chr1	7100001	7125000	48959
Chr1	7125001	7150000	35038
Chr1	7150001	7175000	28294
Chr1	7175001	7200000	46481
Chr1	7200001	7225000	41741
Chr1	7225001	7250000	34602
Chr1	7250001	7275000	42289
Chr1	7275001	7300000	41645
Chr1	7300001	7325000	45553
Chr1	7325001	7350000	40241
Chr1	7350001	7375000	41369
Chr1	7375001	7400000	42349
Chr1	7400001	7425000	41188
Chr1	7425001	7450000	47074
Chr1	7450001	7475000	44010
Chr1	7475001	7500000	48765
Chr1	7500001	7525000	41008
Chr1	7525001	7550000	44896
Chr1	7550001	7575000	39803
Chr1	7575001	7600000	52217
Chr1	7600001	7625000	41107
Chr1	7625001	7650000	46897
Chr1	7650001	7675000	39343
Chr1	7675001	7700000	42630
Chr1	7700001	7725000	49429
Chr1	7725001	7750000	44630
Chr1	7750001	7775000	39027
Chr1	7775001	7800000	41881
Chr1	7800001	7825000	41367
Chr1	7825001	7850000	37933
Chr1	7850001	7875000	40859
Chr1	7875001	7900000	39816
Chr1	7900001	7925000	40055
Chr1	7925001	7950000	35646
Chr1	7950001	7975000	30059
Chr1	7975001	8000000	41183
Chr1	8000001	8025000	27588
Chr1	8025001	8050000	31197
Chr1	8050001	8075000	35402
Chr1	8075001	8100000	28373
Chr1	8100001	8125000	30109
Chr1	8125001	8150000	35930
Chr1	8150001	8175000	39724
Chr1	8175001	8200000	38366
Chr1	8200001	8225000	30686
Chr1	8225001	8250000	41161
Chr1	8250001	8275000	36704
Chr1	8275001	8300000	42756
Chr1	8300001	8325000	31199
Chr1	8325001	8350000	31866
Chr1	8350001	8375000	35708
Chr1	8375001	8400000	39741
Chr1	8400001	8425000	48672
Chr1	8425001	8450000	37972
Chr1	8450001	8475000	17642
Chr1	8475001	8500000	37140
Chr1	8500001	8525000	39112
Chr1	8525001	8550000	33646
Chr1	8550001	8575000	41847
Chr1	8575001	8600000	43941
Chr1	8600001	8625000	42624
Chr1	8625001	8650000	36222
Chr1	8650001	8675000	33135
Chr1	8675001	8700000	37689
Chr1	8700001	8725000	26135
Chr1	8725001	8750000	36308
Chr1	8750001	8775000	25584
Chr1	8775001	8800000	42130
Chr1	8800001	8825000	24274
Chr1	8825001	8850000	35452
Chr1	8850001	8875000	36777
Chr1	8875001	8900000	34797
Chr1	8900001	8925000	36409
Chr1	8925001	8950000	36704
Chr1	8950001	8975000	20313
Chr1	8975001	9000000	674
Chr1	9000001	9025000	12736
Chr1	9025001	9050000	40090
Chr1	9050001	9075000	45807
Chr1	9075001	9100000	28119
Chr1	9100001	9125000	30059
Chr1	9125001	9150000	38776
Chr1	9150001	9175000	34815
Chr1	9175001	9200000	30593
Chr1	9200001	9225000	36641
Chr1	9225001	9250000	40510
Chr1	9250001	9275000	35036
Chr1	9275001	9300000	30381
Chr1	9300001	9325000	27860
Chr1	9325001	9350000	30657
Chr1	9350001	9375000	29081
Chr1	9375001	9400000	36190
Chr1	9400001	9425000	33443
Chr1	9425001	9450000	29359
Chr1	9450001	9475000	20392
Chr1	9475001	9500000	34342
Chr1	9500001	9525000	31370
Chr1	9525001	9550000	34284
Chr1	9550001	9575000	33612
Chr1	9575001	9600000	33964
Chr1	9600001	9625000	32306
Chr1	9625001	9650000	39734
Chr1	9650001	9675000	35031
Chr1	9675001	9700000	24435
Chr1	9700001	9725000	34783
Chr1	9725001	9750000	27033
Chr1	9750001	9775000	34276
Chr1	9775001	9800000	38530
Chr1	9800001	9825000	36076
Chr1	9825001	9850000	28437
Chr1	9850001	9875000	27904
Chr1	9875001	9900000	28937
Chr1	9900001	9925000	33848
Chr1	9925001	9950000	23007
Chr1	9950001	9975000	25860
Chr1	9975001	10000000	34268
Chr1	10000001	10025000	36122
Chr1	10025001	10050000	32304
Chr1	10050001	10075000	29636
Chr1	10075001	10100000	36756
Chr1	10100001	10125000	26993
Chr1	10125001	10150000	35495
Chr1	10150001	10175000	31110
Chr1	10175001	10200000	35653
Chr1	10200001	10225000	32904
Chr1	10225001	10250000	30406
Chr1	10250001	10275000	36749
Chr1	10275001	10300000	38593
Chr1	10300001	10325000	32734
Chr1	10325001	10350000	35698
Chr1	10350001	10375000	35050
Chr1	10375001	10400000	39853
Chr1	10400001	10425000	34373
Chr1	10425001	10450000	39171
Chr1	10450001	10475000	35267
Chr1	10475001	10500000	34140
Chr1	10500001	10525000	32575
Chr1	10525001	10550000	41906
Chr1	10550001	10575000	38613
Chr1	10575001	10600000	35588
Chr1	10600001	10625000	32288
Chr1	10625001	10650000	34643
Chr1	10650001	10675000	32978
Chr1	10675001	10700000	33093
Chr1	10700001	10725000	35781
Chr1	10725001	10750000	30048
Chr1	10750001	10775000	36228
Chr1	10775001	10800000	39922
Chr1	10800001	10825000	40395
Chr1	10825001	10850000	28984
Chr1	10850001	10875000	46392
Chr1	10875001	10900000	43846
Chr1	10900001	10925000	40213
Chr1	10925001	10950000	43390
Chr1	10950001	10975000	38645
Chr1	10975001	11000000	45217
Chr1	11000001	11025000	42732
Chr1	11025001	11050000	31822
Chr1	11050001	11075000	26329
Chr1	11075001	11100000	40119
Chr1	11100001	11125000	35222
Chr1	11125001	11150000	24219
Chr1	11150001	11175000	41110
Chr1	11175001	11200000	44204
Chr1	11200001	11225000	48128
Chr1	11225001	11250000	51046
Chr1	11250001	11275000	48120
Chr1	11275001	11300000	44001
Chr1	11300001	11325000	46851
Chr1	11325001	11350000	50219
Chr1	11350001	11375000	45002
Chr1	11375001	11400000	43608
Chr1	11400001	11425000	42150
Chr1	11425001	11450000	42513
Chr1	11450001	11475000	40602
Chr1	11475001	11500000	40855
Chr1	11500001	11525000	46947
Chr1	11525001	11550000	45465
Chr1	11550001	11575000	45397
Chr1	11575001	11600000	42258
Chr1	11600001	11625000	44634
Chr1	11625001	11650000	48582
Chr1	11650001	11675000	38694
Chr1	11675001	11700000	42146
Chr1	11700001	11725000	45544
Chr1	11725001	11750000	31543
Chr1	11750001	11775000	5135
Chr2	1	25000	18174
Chr2	25001	50000	40892
Chr2	50001	75000	41253
Chr2	75001	100000	41647
Chr2	100001	125000	38087
Chr2	125001	150000	45819
Chr2	150001	175000	45430
Chr2	175001	200000	44465
Chr2	200001	225000	41711
Chr2	225001	250000	44462
Chr2	250001	275000	43044
Chr2	275001	300000	39390
Chr2	300001	325000	39142
Chr2	325001	350000	43063
Chr2	350001	375000	42102
Chr2	375001	400000	46014
Chr2	400001	425000	44666
Chr2	425001	450000	46127
Chr2	450001	475000	26243
Chr2	475001	500000	39322
Chr2	500001	525000	44631
Chr2	525001	550000	43760
Chr2	550001	575000	44792
Chr2	575001	600000	43618
Chr2	600001	625000	42574
Chr2	625001	650000	49684
Chr2	650001	675000	45934
Chr2	675001	700000	49177
Chr2	700001	725000	48599
Chr2	725001	750000	43083
Chr2	750001	775000	47252
Chr2	775001	800000	43771
Chr2	800001	825000	45867
Chr2	825001	850000	50187
Chr2	850001	875000	34412
Chr2	875001	900000	42330
Chr2	900001	925000	43178
Chr2	925001	950000	30489
Chr2	950001	975000	30967
Chr2	975001	1000000	35201
Chr2	1000001	1025000	38590
Chr2	1025001	1050000	37016
Chr2	1050001	1075000	34376
Chr2	1075001	1100000	39721
Chr2	1100001	1125000	33452
Chr2	1125001	1150000	32059
Chr2	1150001	1175000	38669
Chr2	1175001	1200000	33970
Chr2	1200001	1225000	31346
Chr2	1225001	1250000	37382
Chr2	1250001	1275000	28830
Chr2	1275001	1300000	41843
Chr2	1300001	1325000	39190
Chr2	1325001	1350000	30897
Chr2	1350001	1375000	37673
Chr2	1375001	1400000	31750
Chr2	1400001	1425000	39513
Chr2	1425001	1450000	31132
Chr2	1450001	1475000	27514
Chr2	1475001	1500000	30488
Chr2	1500001	1525000	28863
Chr2	1525001	1550000	37576
Chr2	1550001	1575000	40032
Chr2	1575001	1600000	41533
Chr2	1600001	1625000	40665
Chr2	1625001	1650000	24503
Chr2	1650001	1675000	34822
Chr2	1675001	1700000	36388
Chr2	1700001	1725000	32733
Chr2	1725001	1750000	39981
Chr2	1750001	1775000	27611
Chr2	1775001	1800000	38190
Chr2	1800001	1825000	31393
Chr2	1825001	1850000	30546
Chr2	1850001	1875000	41392
Chr2	1875001	1900000	36144
Chr2	1900001	1925000	35727
Chr2	1925001	1950000	31585
Chr2	1950001	1975000	39606
Chr2	1975001	2000000	37331
Chr2	2000001	2025000	37116
Chr2	2025001	2050000	25893
Chr2	2050001	2075000	27148
Chr2	2075001	2100000	32320
Chr2	2100001	2125000	30424
Chr2	2125001	2150000	33933
Chr2	2150001	2175000	35978
Chr2	2175001	2200000	33760
Chr2	2200001	2225000	26958
Chr2	2225001	2250000	34270
Chr2	2250001	2275000	39492
Chr2	2275001	2300000	26873
Chr2	2300001	2325000	22011
Chr2	2325001	2350000	39546
Chr2	2350001	2375000	31151
Chr2	2375001	2400000	37756
Chr2	2400001	2425000	40244
Chr2	2425001	2450000	31769
Chr2	2450001	2475000	24345
Chr2	2475001	2500000	36421
Chr2	2500001	2525000	38585
Chr2	2525001	2550000	34588
Chr2	2550001	2575000	31972
Chr2	2575001	2600000	24217
Chr2	2600001	2625000	31200
Chr2	2625001	2650000	35085
Chr2	2650001	2675000	25518
Chr2	2675001	2700000	44635
Chr2	2700001	2725000	32165
Chr2	2725001	2750000	29545
Chr2	2750001	2775000	21695
Chr2	2775001	2800000	41628
Chr2	2800001	2825000	48362
Chr2	2825001	2850000	50260
Chr2	2850001	2875000	41372
Chr2	2875001	2900000	30710
Chr2	2900001	2925000	36819
Chr2	2925001	2950000	42448
Chr2	2950001	2975000	32991
Chr2	2975001	3000000	37776
Chr2	3000001	3025000	39712
Chr2	3025001	3050000	35565
Chr2	3050001	3075000	31795
Chr2	3075001	3100000	35910
Chr2	3100001	3125000	33435
Chr2	3125001	3150000	27537
Chr2	3150001	3175000	28574
Chr2	3175001	3200000	37790
Chr2	3200001	3225000	38530
Chr2	3225001	3250000	28666
Chr2	3250001	3275000	26250
Chr2	3275001	3300000	807
Chr2	3300001	3325000	1492
Chr2	3325001	3350000	22636
Chr2	3350001	3375000	39198
Chr2	3375001	3400000	27294
Chr2	3400001	3425000	34139
Chr2	3425001	3450000	30130
Chr2	3450001	3475000	30761
Chr2	3475001	3500000	37135
Chr2	3500001	3525000	44786
Chr2	3525001	3550000	45550
Chr2	3550001	3575000	39028
Chr2	3575001	3600000	45761
Chr2	3600001	3625000	38258
Chr2	3625001	3650000	46669
Chr2	3650001	3675000	42452
Chr2	3675001	3700000	44112
Chr2	3700001	3725000	45332
Chr2	3725001	3750000	37677
Chr2	3750001	3775000	44796
Chr2	3775001	3800000	49498
Chr2	3800001	3825000	45849
Chr2	3825001	3850000	36128
Chr2	3850001	3875000	45231
Chr2	3875001	3900000	40343
Chr2	3900001	3925000	36858
Chr2	3925001	3950000	39733
Chr2	3950001	3975000	46558
Chr2	3975001	4000000	41499
Chr2	4000001	4025000	46655
Chr2	4025001	4050000	45129
Chr2	4050001	4075000	39326
Chr2	4075001	4100000	46363
Chr2	4100001	4125000	46927
Chr2	4125001	4150000	41210
Chr2	4150001	4175000	41440
Chr2	4175001	4200000	43814
Chr2	4200001	4225000	42249
Chr2	4225001	4250000	37905
Chr2	4250001	4275000	37985
Chr2	4275001	4300000	39114
Chr2	4300001	4325000	41057
Chr2	4325001	4350000	46080
Chr2	4350001	4375000	47862
Chr2	4375001	4400000	41273
Chr2	4400001	4425000	43752
Chr2	4425001	4450000	37862
Chr2	4450001	4475000	43523
Chr2	4475001	4500000	42903
Chr2	4500001	4525000	44619
Chr2	4525001	4550000	38833
Chr2	4550001	4575000	38875
Chr2	4575001	4600000	39915
Chr2	4600001	4625000	39499
Chr2	4625001	4650000	42952
Chr2	4650001	4675000	44947
Chr2	4675001	4700000	46024
Chr2	4700001	4725000	41044
Chr2	4725001	4750000	37769
Chr2	4750001	4775000	44388
Chr2	4775001	4800000	35286
Chr2	4800001	4825000	36338
Chr2	4825001	4850000	40744
Chr2	4850001	4875000	42638
Chr2	4875001	4900000	44309
Chr2	4900001	4925000	42408
Chr2	4925001	4950000	46451
Chr2	4950001	4975000	43416
Chr2	4975001	5000000	40653
Chr2	5000001	5025000	48650
Chr2	5025001	5050000	38365
Chr2	5050001	5075000	43819
Chr2	5075001	5100000	39621
Chr2	5100001	5125000	44029
Chr2	5125001	5150000	40669
Chr2	5150001	5175000	38681
Chr2	5175001	5200000	40318
Chr2	5200001	5225000	41050
Chr2	5225001	5250000	42638
Chr2	5250001	5275000	41907
Chr2	5275001	5300000	42793
Chr2	5300001	5325000	38165
Chr2	5325001	5350000	43692
Chr2	5350001	5375000	41286
Chr2	5375001	5400000	44645
Chr2	5400001	5425000	39232
Chr2	5425001	5450000	49327
Chr2	5450001	5475000	44328
Chr2	5475001	5500000	40781
Chr2	5500001	5525000	34016
Chr2	5525001	5550000	39457
Chr2	5550001	5575000	41444
Chr2	5575001	5600000	46504
Chr2	5600001	5625000	41647
Chr2	5625001	5650000	40090
Chr2	5650001	5675000	37783
Chr2	5675001	5700000	39865
Chr2	5700001	5725000	40274
Chr2	5725001	5750000	41164
Chr2	5750001	5775000	44571
Chr2	5775001	5800000	34805
Chr2	5800001	5825000	45609
Chr2	5825001	5850000	41764
Chr2	5850001	5875000	40759
Chr2	5875001	5900000	42314
Chr2	5900001	5925000	40652
Chr2	5925001	5950000	45002
Chr2	5950001	5975000	34700
Chr2	5975001	6000000	43438
Chr2	6000001	6025000	38037
Chr2	6025001	6050000	39390
Chr2	6050001	6075000	43565
Chr2	6075001	6100000	34636
Chr2	6100001	6125000	36877
Chr2	6125001	6150000	38648
Chr2	6150001	6175000	43045
Chr2	6175001	6200000	45494
Chr2	6200001	6225000	44617
Chr2	6225001	6250000	38733
Chr2	6250001	6275000	39843
Chr2	6275001	6300000	44459
Chr2	6300001	6325000	47917
Chr2	6325001	6350000	47666
Chr2	6350001	6375000	42839
Chr2	6375001	6400000	43029
Chr2	6400001	6425000	44119
Chr2	6425001	6450000	40416
Chr2	6450001	6475000	41208
Chr2	6475001	6500000	43258
Chr2	6500001	6525000	41521
Chr2	6525001	6550000	40408
Chr2	6550001	6575000	40524
Chr2	6575001	6600000	38313
Chr2	6600001	6625000	34516
Chr2	6625001	6650000	32923
Chr2	6650001	6675000	40578
Chr2	6675001	6700000	36003
Chr2	6700001	6725000	30902
Chr2	6725001	6750000	33698
Chr2	6750001	6775000	32960
Chr2	6775001	6800000	34301
Chr2	6800001	6825000	41370
Chr2	6825001	6850000	34457
Chr2	6850001	6875000	44839
Chr2	6875001	6900000	30610
Chr2	6900001	6925000	30356
Chr2	6925001	6950000	32633
Chr2	6950001	6975000	29309
Chr2	6975001	7000000	39239
Chr2	7000001	7025000	27108
Chr2	7025001	7050000	39376
Chr2	7050001	7075000	21596
Chr2	7075001	7100000	34277
Chr2	7100001	7125000	34498
Chr2	7125001	7150000	34565
Chr2	7150001	7175000	41750
Chr2	7175001	7200000	30488
Chr2	7200001	7225000	36455
Chr2	7225001	7250000	38379
Chr2	7250001	7275000	33277
Chr2	7275001	7300000	29207
Chr2	7300001	7325000	33934
Chr2	7325001	7350000	31890
Chr2	7350001	7375000	31466
Chr2	7375001	7400000	35602
Chr2	7400001	7425000	37672
Chr2	7425001	7450000	39964
Chr2	7450001	7475000	33822
Chr2	7475001	7500000	42547
Chr2	7500001	7525000	33935
Chr2	7525001	7550000	36668
Chr2	7550001	7575000	33090
Chr2	7575001	7600000	38577
Chr2	7600001	7625000	41991
Chr2	7625001	7650000	35686
Chr2	7650001	7675000	37456
Chr2	7675001	7700000	39732
Chr2	7700001	7725000	37579
Chr2	7725001	7750000	35906
Chr2	7750001	7775000	35192
Chr2	7775001	7800000	33760
Chr2	7800001	7825000	34525
Chr2	7825001	7850000	37611
Chr2	7850001	7875000	34184
Chr2	7875001	7900000	29136
Chr2	7900001	7925000	36134
Chr2	7925001	7950000	29012
Chr2	7950001	7975000	36410
Chr2	7975001	8000000	27429
Chr2	8000001	8025000	37954
Chr2	8025001	8050000	44664
Chr2	8050001	8075000	32862
Chr2	8075001	8100000	33486
Chr2	8100001	8125000	20996
Chr2	8125001	8150000	37291
Chr2	8150001	8175000	32184
Chr2	8175001	8200000	38303
Chr2	8200001	8225000	42606
Chr2	8225001	8250000	43673
Chr2	8250001	8275000	45166
Chr2	8275001	8300000	44521
Chr2	8300001	8325000	46635
Chr2	8325001	8350000	39177
Chr2	8350001	8375000	37926
Chr2	8375001	8400000	37184
Chr2	8400001	8425000	43625
Chr2	8425001	8450000	42408
Chr2	8450001	8475000	37535
Chr2	8475001	8500000	46033
Chr2	8500001	8525000	38521
Chr2	8525001	8550000	40752
Chr2	8550001	8575000	42933
Chr2	8575001	8600000	45595
Chr2	8600001	8625000	40683
Chr2	8625001	8650000	40602
Chr2	8650001	8675000	42883
Chr2	8675001	8700000	41821
Chr2	8700001	8725000	44064
Chr2	8725001	8750000	40494
Chr2	8750001	8775000	43365
Chr2	8775001	8800000	23690
Chr2	8800001	8825000	45394
Chr2	8825001	8850000	45721
Chr2	8850001	8875000	38406
Chr2	8875001	8900000	42107
Chr2	8900001	8925000	38331
Chr2	8925001	8950000	41863
Chr2	8950001	8975000	43211
Chr2	8975001	9000000	21318
Chr3	1	25000	35926
Chr3	25001	50000	39671
Chr3	50001	75000	36774
Chr3	75001	100000	44234
Chr3	100001	125000	40003
Chr3	125001	150000	42672
Chr3	150001	175000	40471
Chr3	175001	200000	41115
Chr3	200001	225000	41273
Chr3	225001	250000	44282
Chr3	250001	275000	48920
Chr3	275001	300000	41221
Chr3	300001	325000	44458
Chr3	325001	350000	47131
Chr3	350001	375000	47197
Chr3	375001	400000	32765
Chr3	400001	425000	47226
Chr3	425001	450000	46135
Chr3	450001	475000	41284
Chr3	475001	500000	41395
Chr3	500001	525000	44873
Chr3	525001	550000	38022
Chr3	550001	575000	36135
Chr3	575001	600000	50508
Chr3	600001	625000	34185
Chr3	625001	650000	33459
Chr3	650001	675000	28140
Chr3	675001	700000	40280
Chr3	700001	725000	42284
Chr3	725001	750000	44659
Chr3	750001	775000	43464
Chr3	775001	800000	43432
Chr3	800001	825000	39639
Chr3	825001	850000	37333
Chr3	850001	875000	33398
Chr3	875001	900000	35220
Chr3	900001	925000	36876
Chr3	925001	950000	34133
Chr3	950001	975000	33538
Chr3	975001	1000000	36157
Chr3	1000001	1025000	36787
Chr3	1025001	1050000	34186
Chr3	1050001	1075000	33994
Chr3	1075001	1100000	23874
Chr3	1100001	1125000	31711
Chr3	1125001	1150000	38195
Chr3	1150001	1175000	33468
Chr3	1175001	1200000	42175
Chr3	1200001	1225000	24973
Chr3	1225001	1250000	35133
Chr3	1250001	1275000	37833
Chr3	1275001	1300000	35845
Chr3	1300001	1325000	44659
Chr3	1325001	1350000	28958
Chr3	1350001	1375000	37837
Chr3	1375001	1400000	30476
Chr3	1400001	1425000	33484
Chr3	1425001	1450000	18347
Chr3	1450001	1475000	37311
Chr3	1475001	1500000	37642
Chr3	1500001	1525000	31094
Chr3	1525001	1550000	37879
Chr3	1550001	1575000	36096
Chr3	1575001	1600000	35543
Chr3	1600001	1625000	34016
Chr3	1625001	1650000	35530
Chr3	1650001	1675000	32788
Chr3	1675001	1700000	37798
Chr3	1700001	1725000	32833
Chr3	1725001	1750000	31895
Chr3	1750001	1775000	32976
Chr3	1775001	1800000	34220
Chr3	1800001	1825000	29421
Chr3	1825001	1850000	31448
Chr3	1850001	1875000	44299
Chr3	1875001	1900000	38964
Chr3	1900001	1925000	36277
Chr3	1925001	1950000	37398
Chr3	1950001	1975000	34391
Chr3	1975001	2000000	32752
Chr3	2000001	2025000	32376
Chr3	2025001	2050000	35645
Chr3	2050001	2075000	43540
Chr3	2075001	2100000	34586
Chr3	2100001	2125000	39250
Chr3	2125001	2150000	29195
Chr3	2150001	2175000	39479
Chr3	2175001	2200000	29367
Chr3	2200001	2225000	38369
Chr3	2225001	2250000	33492
Chr3	2250001	2275000	41248
Chr3	2275001	2300000	32854
Chr3	2300001	2325000	31254
Chr3	2325001	2350000	36131
Chr3	2350001	2375000	40292
Chr3	2375001	2400000	30018
Chr3	2400001	2425000	31942
Chr3	2425001	2450000	34313
Chr3	2450001	2475000	33820
Chr3	2475001	2500000	34821
Chr3	2500001	2525000	36475
Chr3	2525001	2550000	42274
Chr3	2550001	2575000	35636
Chr3	2575001	2600000	29500
Chr3	2600001	2625000	32558
Chr3	2625001	2650000	33135
Chr3	2650001	2675000	38323
Chr3	2675001	2700000	36184
Chr3	2700001	2725000	31784
Chr3	2725001	2750000	42302
Chr3	2750001	2775000	31966
Chr3	2775001	2800000	33111
Chr3	2800001	2825000	27428
Chr3	2825001	2850000	40978
Chr3	2850001	2875000	38390
Chr3	2875001	2900000	37048
Chr3	2900001	2925000	29763
Chr3	2925001	2950000	36189
Chr3	2950001	2975000	30509
Chr3	2975001	3000000	30111
Chr3	3000001	3025000	43162
Chr3	3025001	3050000	36950
Chr3	3050001	3075000	38974
Chr3	3075001	3100000	41051
Chr3	3100001	3125000	37101
Chr3	3125001	3150000	36593
Chr3	3150001	3175000	41617
Chr3	3175001	3200000	38956
Chr3	3200001	3225000	31841
Chr3	3225001	3250000	39422
Chr3	3250001	3275000	33879
Chr3	3275001	3300000	42703
Chr3	3300001	3325000	41434
Chr3	3325001	3350000	42291
Chr3	3350001	3375000	37467
Chr3	3375001	3400000	40909
Chr3	3400001	3425000	50096
Chr3	3425001	3450000	41398
Chr3	3450001	3475000	43797
Chr3	3475001	3500000	44210
Chr3	3500001	3525000	40225
Chr3	3525001	3550000	37261
Chr3	3550001	3575000	34385
Chr3	3575001	3600000	30721
Chr3	3600001	3625000	35894
Chr3	3625001	3650000	37842
Chr3	3650001	3675000	41606
Chr3	3675001	3700000	36982
Chr3	3700001	3725000	29819
Chr3	3725001	3750000	35470
Chr3	3750001	3775000	30821
Chr3	3775001	3800000	35862
Chr3	3800001	3825000	30527
Chr3	3825001	3850000	39534
Chr3	3850001	3875000	35849
Chr3	3875001	3900000	34175
Chr3	3900001	3925000	35637
Chr3	3925001	3950000	36867
Chr3	3950001	3975000	27471
Chr3	3975001	4000000	34594
Chr3	4000001	4025000	30570
Chr3	4025001	4050000	39932
Chr3	4050001	4075000	31723
Chr3	4075001	4100000	32490
Chr3	4100001	4125000	36715
Chr3	4125001	4150000	36335
Chr3	4150001	4175000	36997
Chr3	4175001	4200000	37967
Chr3	4200001	4225000	36737
Chr3	4225001	4250000	39431
Chr3	4250001	4275000	39607
Chr3	4275001	4300000	43567
Chr3	4300001	4325000	35799
Chr3	4325001	4350000	37199
Chr3	4350001	4375000	33442
Chr3	4375001	4400000	35203
Chr3	4400001	4425000	30434
Chr3	4425001	4450000	33983
Chr3	4450001	4475000	19611
Chr3	4475001	4500000	45121
Chr3	4500001	4525000	26632
Chr3	4525001	4550000	31790
Chr3	4550001	4575000	34712
Chr3	4575001	4600000	35798
Chr3	4600001	4625000	32837
Chr3	4625001	4650000	34598
Chr3	4650001	4675000	33889
Chr3	4675001	4700000	36551
Chr3	4700001	4725000	27020
Chr3	4725001	4750000	38393
Chr3	4750001	4775000	38083
Chr3	4775001	4800000	41201
Chr3	4800001	4825000	33183
Chr3	4825001	4850000	35448
Chr3	4850001	4875000	39247
Chr3	4875001	4900000	34985
Chr3	4900001	4925000	33263
Chr3	4925001	4950000	36803
Chr3	4950001	4975000	38841
Chr3	4975001	5000000	39976
Chr3	5000001	5025000	37954
Chr3	5025001	5050000	38128
Chr3	5050001	5075000	33964
Chr3	5075001	5100000	35952
Chr3	5100001	5125000	23678
Chr3	5125001	5150000	35693
Chr3	5150001	5175000	25184
Chr3	5175001	5200000	35996
Chr3	5200001	5225000	34031
Chr3	5225001	5250000	35929
Chr3	5250001	5275000	32710
Chr3	5275001	5300000	32647
Chr3	5300001	5325000	36628
Chr3	5325001	5350000	36532
Chr3	5350001	5375000	645
Chr3	5375001	5400000	954
Chr3	5400001	5425000	35916
Chr3	5425001	5450000	44889
Chr3	5450001	5475000	35746
Chr3	5475001	5500000	32320
Chr3	5500001	5525000	37078
Chr3	5525001	5550000	29157
Chr3	5550001	5575000	28288
Chr3	5575001	5600000	29630
Chr3	5600001	5625000	35773
Chr3	5625001	5650000	30139
Chr3	5650001	5675000	39102
Chr3	5675001	5700000	28007
Chr3	5700001	5725000	26365
Chr3	5725001	5750000	31444
Chr3	5750001	5775000	37356
Chr3	5775001	5800000	37778
Chr3	5800001	5825000	21150
Chr3	5825001	5850000	34080
Chr3	5850001	5875000	34661
Chr3	5875001	5900000	28024
Chr3	5900001	5925000	40045
Chr3	5925001	5950000	29969
Chr3	5950001	5975000	29059
Chr3	5975001	6000000	24476
Chr3	6000001	6025000	35296
Chr3	6025001	6050000	32131
Chr3	6050001	6075000	39921
Chr3	6075001	6100000	39797
Chr3	6100001	6125000	34735
Chr3	6125001	6150000	33810
Chr3	6150001	6175000	39810
Chr3	6175001	6200000	39365
Chr3	6200001	6225000	35687
Chr3	6225001	6250000	31363
Chr3	6250001	6275000	38033
Chr3	6275001	6300000	46051
Chr3	6300001	6325000	46856
Chr3	6325001	6350000	45139
Chr3	6350001	6375000	45203
Chr3	6375001	6400000	42264
Chr3	6400001	6425000	43555
Chr3	6425001	6450000	48362
Chr3	6450001	6475000	43225
Chr3	6475001	6500000	39362
Chr3	6500001	6525000	45427
Chr3	6525001	6550000	44816
Chr3	6550001	6575000	45386
Chr3	6575001	6600000	45032
Chr3	6600001	6625000	37474
Chr3	6625001	6650000	47029
Chr3	6650001	6675000	42319
Chr3	6675001	6700000	40173
Chr3	6700001	6725000	45766
Chr3	6725001	6750000	45565
Chr3	6750001	6775000	35483
Chr3	6775001	6800000	39914
Chr3	6800001	6825000	44182
Chr3	6825001	6850000	46112
Chr3	6850001	6875000	43033
Chr3	6875001	6900000	33157
Chr3	6900001	6925000	41206
Chr3	6925001	6950000	43174
Chr3	6950001	6975000	46676
Chr3	6975001	7000000	40277
Chr3	7000001	7025000	24496
Chr3	7025001	7050000	41454
Chr3	7050001	7075000	37220
Chr3	7075001	7100000	43059
Chr3	7100001	7125000	46657
Chr3	7125001	7150000	48701
Chr3	7150001	7175000	42785
Chr3	7175001	7200000	39116
Chr3	7200001	7225000	45327
Chr3	7225001	7250000	41993
Chr3	7250001	7275000	36872
Chr3	7275001	7300000	45553
Chr3	7300001	7325000	40733
Chr3	7325001	7350000	40669
Chr3	7350001	7375000	44413
Chr3	7375001	7400000	47562
Chr3	7400001	7425000	43436
Chr3	7425001	7450000	45058
Chr3	7450001	7475000	46311
Chr3	7475001	7500000	45826
Chr3	7500001	7525000	43449
Chr3	7525001	7550000	46019
Chr3	7550001	7575000	43694
Chr3	7575001	7600000	45381
Chr3	7600001	7625000	45484
Chr3	7625001	7650000	43366
Chr3	7650001	7675000	42951
Chr3	7675001	7700000	43634
Chr3	7700001	7725000	45118
Chr3	7725001	7750000	42384
Chr3	7750001	7775000	41979
Chr3	7775001	7800000	8831
Chr4	1	25000	31868
Chr4	25001	50000	39811
Chr4	50001	75000	41392
Chr4	75001	100000	46466
Chr4	100001	125000	44459
Chr4	125001	150000	44993
Chr4	150001	175000	39982
Chr4	175001	200000	49263
Chr4	200001	225000	57656
Chr4	225001	250000	25819
Chr4	250001	275000	28927
Chr4	275001	300000	35676
Chr4	300001	325000	36209
Chr4	325001	350000	35613
Chr4	350001	375000	35893
Chr4	375001	400000	32306
Chr4	400001	425000	31250
Chr4	425001	450000	35534
Chr4	450001	475000	30927
Chr4	475001	500000	40776
Chr4	500001	525000	38861
Chr4	525001	550000	36863
Chr4	550001	575000	42107
Chr4	575001	600000	40866
Chr4	600001	625000	32925
Chr4	625001	650000	32337
Chr4	650001	675000	41105
Chr4	675001	700000	37159
Chr4	700001	725000	32792
Chr4	725001	750000	17717
Chr4	750001	775000	32631
Chr4	775001	800000	38796
Chr4	800001	825000	32599
Chr4	825001	850000	30954
Chr4	850001	875000	31564
Chr4	875001	900000	41259
Chr4	900001	925000	32928
Chr4	925001	950000	27653
Chr4	950001	975000	33837
Chr4	975001	1000000	29624
Chr4	1000001	1025000	37818
Chr4	1025001	1050000	23198
Chr4	1050001	1075000	34189
Chr4	1075001	1100000	34632
Chr4	1100001	1125000	38120
Chr4	1125001	1150000	26835
Chr4	1150001	1175000	36302
Chr4	1175001	1200000	28858
Chr4	1200001	1225000	28421
Chr4	1225001	1250000	36856
Chr4	1250001	1275000	36268
Chr4	1275001	1300000	35734
Chr4	1300001	1325000	28023
Chr4	1325001	1350000	37123
Chr4	1350001	1375000	35488
Chr4	1375001	1400000	36689
Chr4	1400001	1425000	36581
Chr4	1425001	1450000	38621
Chr4	1450001	1475000	36289
Chr4	1475001	1500000	33127
Chr4	1500001	1525000	26046
Chr4	1525001	1550000	38319
Chr4	1550001	1575000	39920
Chr4	1575001	1600000	29518
Chr4	1600001	1625000	30683
Chr4	1625001	1650000	37373
Chr4	1650001	1675000	35015
Chr4	1675001	1700000	31883
Chr4	1700001	1725000	39638
Chr4	1725001	1750000	31435
Chr4	1750001	1775000	32100
Chr4	1775001	1800000	36094
Chr4	1800001	1825000	39545
Chr4	1825001	1850000	37843
Chr4	1850001	1875000	32018
Chr4	1875001	1900000	39003
Chr4	1900001	1925000	26800
Chr4	1925001	1950000	35554
Chr4	1950001	1975000	33204
Chr4	1975001	2000000	39764
Chr4	2000001	2025000	32165
Chr4	2025001	2050000	35428
Chr4	2050001	2075000	29825
Chr4	2075001	2100000	30278
Chr4	2100001	2125000	28336
Chr4	2125001	2150000	32126
Chr4	2150001	2175000	26435
Chr4	2175001	2200000	34694
Chr4	2200001	2225000	27096
Chr4	2225001	2250000	26741
Chr4	2250001	2275000	31285
Chr4	2275001	2300000	39982
Chr4	2300001	2325000	30112
Chr4	2325001	2350000	30031
Chr4	2350001	2375000	42585
Chr4	2375001	2400000	40295
Chr4	2400001	2425000	29225
Chr4	2425001	2450000	36438
Chr4	2450001	2475000	34072
Chr4	2475001	2500000	25770
Chr4	2500001	2525000	39188
Chr4	2525001	2550000	19472
Chr4	2550001	2575000	28649
Chr4	2575001	2600000	36604
Chr4	2600001	2625000	35089
Chr4	2625001	2650000	23620
Chr4	2650001	2675000	34593
Chr4	2675001	2700000	28876
Chr4	2700001	2725000	38893
Chr4	2725001	2750000	33402
Chr4	2750001	2775000	35348
Chr4	2775001	2800000	29277
Chr4	2800001	2825000	37049
Chr4	2825001	2850000	31302
Chr4	2850001	2875000	38507
Chr4	2875001	2900000	30474
Chr4	2900001	2925000	35157
Chr4	2925001	2950000	43629
Chr4	2950001	2975000	40210
Chr4	2975001	3000000	26335
Chr4	3000001	3025000	39220
Chr4	3025001	3050000	37423
Chr4	3050001	3075000	27068
Chr4	3075001	3100000	36801
Chr4	3100001	3125000	34961
Chr4	3125001	3150000	38589
Chr4	3150001	3175000	29865
Chr4	3175001	3200000	24704
Chr4	3200001	3225000	30599
Chr4	3225001	3250000	34830
Chr4	3250001	3275000	33803
Chr4	3275001	3300000	33400
Chr4	3300001	3325000	23128
Chr4	3325001	3350000	37113
Chr4	3350001	3375000	38502
Chr4	3375001	3400000	32299
Chr4	3400001	3425000	34908
Chr4	3425001	3450000	32998
Chr4	3450001	3475000	33128
Chr4	3475001	3500000	37384
Chr4	3500001	3525000	33319
Chr4	3525001	3550000	31832
Chr4	3550001	3575000	34805
Chr4	3575001	3600000	36952
Chr4	3600001	3625000	43298
Chr4	3625001	3650000	35420
Chr4	3650001	3675000	33559
Chr4	3675001	3700000	37495
Chr4	3700001	3725000	40014
Chr4	3725001	3750000	36166
Chr4	3750001	3775000	39409
Chr4	3775001	3800000	38880
Chr4	3800001	3825000	34056
Chr4	3825001	3850000	39194
Chr4	3850001	3875000	38111
Chr4	3875001	3900000	42193
Chr4	3900001	3925000	44366
Chr4	3925001	3950000	41714
Chr4	3950001	3975000	46137
Chr4	3975001	4000000	42233
Chr4	4000001	4025000	47264
Chr4	4025001	4050000	43235
Chr4	4050001	4075000	44751
Chr4	4075001	4100000	43663
Chr4	4100001	4125000	44832
Chr4	4125001	4150000	43505
Chr4	4150001	4175000	37755
Chr4	4175001	4200000	44519
Chr4	4200001	4225000	45792
Chr4	4225001	4250000	45465
Chr4	4250001	4275000	40162
Chr4	4275001	4300000	44414
Chr4	4300001	4325000	47007
Chr4	4325001	4350000	46002
Chr4	4350001	4375000	47578
Chr4	4375001	4400000	42661
Chr4	4400001	4425000	38179
Chr4	4425001	4450000	42970
Chr4	4450001	4475000	42831
Chr4	4475001	4500000	40125
Chr4	4500001	4525000	43114
Chr4	4525001	4550000	46021
Chr4	4550001	4575000	41505
Chr4	4575001	4600000	40202
Chr4	4600001	4625000	44432
Chr4	4625001	4650000	38746
Chr4	4650001	4675000	43600
Chr4	4675001	4700000	45536
Chr4	4700001	4725000	34712
Chr4	4725001	4750000	33825
Chr4	4750001	4775000	37570
Chr4	4775001	4800000	37789
Chr4	4800001	4825000	40972
Chr4	4825001	4850000	43544
Chr4	4850001	4875000	39036
Chr4	4875001	4900000	37213
Chr4	4900001	4925000	35389
Chr4	4925001	4950000	40428
Chr4	4950001	4975000	41275
Chr4	4975001	5000000	38650
Chr4	5000001	5025000	38224
Chr4	5025001	5050000	29287
Chr4	5050001	5075000	560
Chr4	5075001	5100000	575
Chr4	5100001	5125000	30893
Chr4	5125001	5150000	35126
Chr4	5150001	5175000	35277
Chr4	5175001	5200000	34766
Chr4	5200001	5225000	37216
Chr4	5225001	5250000	39148
Chr4	5250001	5275000	32745
Chr4	5275001	5300000	39824
Chr4	5300001	5325000	32558
Chr4	5325001	5350000	42443
Chr4	5350001	5375000	43662
Chr4	5375001	5400000	34457
Chr4	5400001	5425000	38751
Chr4	5425001	5450000	32376
Chr4	5450001	5475000	33650
Chr4	5475001	5500000	29827
Chr4	5500001	5525000	35788
Chr4	5525001	5550000	33242
Chr4	5550001	5575000	27473
Chr4	5575001	5600000	21195
Chr4	5600001	5625000	29664
Chr4	5625001	5650000	37590
Chr4	5650001	5675000	36810
Chr4	5675001	5700000	31819
Chr4	5700001	5725000	37040
Chr4	5725001	5750000	33465
Chr4	5750001	5775000	42592
Chr4	5775001	5800000	27970
Chr4	5800001	5825000	34569
Chr4	5825001	5850000	38687
Chr4	5850001	5875000	30940
Chr4	5875001	5900000	31103
Chr4	5900001	5925000	33493
Chr4	5925001	5950000	44249
Chr4	5950001	5975000	33738
Chr4	5975001	6000000	28155
Chr4	6000001	6025000	33726
Chr4	6025001	6050000	39113
Chr4	6050001	6075000	45039
Chr4	6075001	6100000	34939
Chr4	6100001	6125000	30280
Chr4	6125001	6150000	32002
Chr4	6150001	6175000	30506
Chr4	6175001	6200000	37163
Chr4	6200001	6225000	32032
Chr4	6225001	6250000	30540
Chr4	6250001	6275000	33308
Chr4	6275001	6300000	39611
Chr4	6300001	6325000	30626
Chr4	6325001	6350000	28539
Chr4	6350001	6375000	30991
Chr4	6375001	6400000	33851
Chr4	6400001	6425000	39800
Chr4	6425001	6450000	24509
Chr4	6450001	6475000	32420
Chr4	6475001	6500000	38766
Chr4	6500001	6525000	34983
Chr4	6525001	6550000	50354
Chr4	6550001	6575000	31279
Chr4	6575001	6600000	27644
Chr4	6600001	6625000	34647
Chr4	6625001	6650000	28769
Chr4	6650001	6675000	37770
Chr4	6675001	6700000	28018
Chr4	6700001	6725000	42218
Chr4	6725001	6750000	35159
Chr4	6750001	6775000	31304
Chr4	6775001	6800000	34332
Chr4	6800001	6825000	36355
Chr4	6825001	6850000	49626
Chr4	6850001	6875000	33779
Chr4	6875001	6900000	38607
Chr4	6900001	6925000	36323
Chr4	6925001	6950000	32665
Chr4	6950001	6975000	33228
Chr4	6975001	7000000	39533
Chr4	7000001	7025000	31053
Chr4	7025001	7050000	34844
Chr4	7050001	7075000	25224
Chr4	7075001	7100000	25082
Chr4	7100001	7125000	32348
Chr4	7125001	7150000	33415
Chr4	7150001	7175000	37525
Chr4	7175001	7200000	41962
Chr4	7200001	7225000	32954
Chr4	7225001	7250000	39795
Chr4	7250001	7275000	31350
Chr4	7275001	7300000	39024
Chr4	7300001	7325000	38774
Chr4	7325001	7350000	41129
Chr4	7350001	7375000	40775
Chr4	7375001	7400000	36791
Chr4	7400001	7425000	38729
Chr4	7425001	7450000	42153
Chr4	7450001	7475000	45252
Chr4	7475001	7500000	44096
Chr4	7500001	7525000	44594
Chr4	7525001	7550000	44920
Chr4	7550001	7575000	44592
Chr4	7575001	7600000	42402
Chr4	7600001	7625000	39443
Chr4	7625001	7650000	41937
Chr4	7650001	7675000	36952
Chr4	7675001	7700000	41642
Chr4	7700001	7725000	44869
Chr4	7725001	7750000	38915
Chr4	7750001	7775000	34762
Chr4	7775001	7800000	38379
Chr4	7800001	7825000	30766
Chr4	7825001	7850000	37862
Chr4	7850001	7875000	36138
Chr4	7875001	7900000	34853
Chr4	7900001	7925000	33183
Chr4	7925001	7950000	29746
Chr4	7950001	7975000	35359
Chr4	7975001	8000000	32913
Chr4	8000001	8025000	22868
Chr4	8025001	8050000	8086
Chr4	8050001	8075000	8022
Chr4	8075001	8100000	8081
Chr4	8100001	8125000	8187
Chr4	8125001	8150000	7902
Chr4	8150001	8175000	7823
Chr4	8175001	8200000	8077
Chr4	8200001	8225000	8038
Chr4	8225001	8250000	7895
Chr4	8250001	8275000	7751
Chr4	8275001	8300000	8012
Chr4	8300001	8325000	8261
Chr4	8325001	8350000	8183
Chr4	8350001	8375000	7856
Chr4	8375001	8400000	7882
Chr4	8400001	8425000	8018
Chr4	8425001	8450000	7930
Chr4	8450001	8475000	7647
Chr4	8475001	8500000	7847
Chr4	8500001	8525000	7988
Chr4	8525001	8550000	8102
Chr4	8550001	8575000	8015
Chr4	8575001	8600000	7782
Chr4	8600001	8625000	7958
Chr4	8625001	8650000	8329
Chr4	8650001	8675000	8026
Chr4	8675001	8700000	7717
Chr4	8700001	8725000	7984
Chr4	8725001	8750000	8113
Chr4	8750001	8775000	8039
Chr4	8775001	8800000	7893
Chr4	8800001	8825000	7931
Chr4	8825001	8850000	7936
Chr4	8850001	8875000	8166
Chr4	8875001	8900000	7939
Chr4	8900001	8925000	7733
Chr4	8925001	8950000	8034
Chr4	8950001	8975000	8146
Chr4	8975001	9000000	7970
Chr4	9000001	9025000	7869
Chr4	9025001	9050000	8021
Chr4	9050001	9075000	8257
Chr4	9075001	9100000	8043
Chr4	9100001	9125000	7831
Chr4	9125001	9150000	7980
Chr4	9150001	9175000	8174
Chr4	9175001	9200000	7919
Chr4	9200001	9225000	7974
Chr4	9225001	9250000	7875
Chr4	9250001	9275000	8049
Chr4	9275001	9300000	8000
Chr4	9300001	9325000	7951
Chr4	9325001	9350000	7947
Chr4	9350001	9375000	7953
Chr4	9375001	9400000	8089
Chr4	9400001	9425000	2289
