Chr1	1	25000	4291
Chr1	25001	50000	5128
Chr1	50001	75000	5058
Chr1	75001	100000	5042
Chr1	100001	125000	5175
Chr1	125001	150000	4851
Chr1	150001	175000	4847
Chr1	175001	200000	4524
Chr1	200001	225000	4644
Chr1	225001	250000	5228
Chr1	250001	275000	8905
Chr1	275001	300000	5945
Chr1	300001	325000	4639
Chr1	325001	350000	4611
Chr1	350001	375000	5343
Chr1	375001	400000	5151
Chr1	400001	425000	7884
Chr1	425001	450000	5247
Chr1	450001	475000	5052
Chr1	475001	500000	4634
Chr1	500001	525000	11265
Chr1	525001	550000	5474
Chr1	550001	575000	28956
Chr1	575001	600000	33327
Chr1	600001	625000	36738
Chr1	625001	650000	14478
Chr1	650001	675000	5701
Chr1	675001	700000	11986
Chr1	700001	725000	5821
Chr1	725001	750000	5312
Chr1	750001	775000	13920
Chr1	775001	800000	23400
Chr1	800001	825000	22192
Chr1	825001	850000	29757
Chr1	850001	875000	43342
Chr1	875001	900000	40449
Chr1	900001	925000	33349
Chr1	925001	950000	47599
Chr1	950001	975000	47950
Chr1	975001	1000000	17804
Chr1	1000001	1025000	13552
Chr1	1025001	1050000	34519
Chr1	1050001	1075000	38622
Chr1	1075001	1100000	21106
Chr1	1100001	1125000	20314
Chr1	1125001	1150000	22483
Chr1	1150001	1175000	36889
Chr1	1175001	1200000	46327
Chr1	1200001	1225000	55830
Chr1	1225001	1250000	35717
Chr1	1250001	1275000	34766
Chr1	1275001	1300000	43294
Chr1	1300001	1325000	28432
Chr1	1325001	1350000	23287
Chr1	1350001	1375000	50238
Chr1	1375001	1400000	30704
Chr1	1400001	1425000	43734
Chr1	1425001	1450000	44398
Chr1	1450001	1475000	50895
Chr1	1475001	1500000	50587
Chr1	1500001	1525000	43526
Chr1	1525001	1550000	22882
Chr1	1550001	1575000	58784
Chr1	1575001	1600000	52646
Chr1	1600001	1625000	31094
Chr1	1625001	1650000	26735
Chr1	1650001	1675000	27866
Chr1	1675001	1700000	25484
Chr1	1700001	1725000	23523
Chr1	1725001	1750000	29911
Chr1	1750001	1775000	49786
Chr1	1775001	1800000	30356
Chr1	1800001	1825000	25692
Chr1	1825001	1850000	21513
Chr1	1850001	1875000	32881
Chr1	1875001	1900000	38186
Chr1	1900001	1925000	23509
Chr1	1925001	1950000	51394
Chr1	1950001	1975000	38047
Chr1	1975001	2000000	28402
Chr1	2000001	2025000	36178
Chr1	2025001	2050000	40495
Chr1	2050001	2075000	45367
Chr1	2075001	2100000	38113
Chr1	2100001	2125000	29913
Chr1	2125001	2150000	35896
Chr1	2150001	2175000	39675
Chr1	2175001	2200000	27289
Chr1	2200001	2225000	29232
Chr1	2225001	2250000	17155
Chr1	2250001	2275000	39268
Chr1	2275001	2300000	22531
Chr1	2300001	2325000	44206
Chr1	2325001	2350000	37077
Chr1	2350001	2375000	35221
Chr1	2375001	2400000	34571
Chr1	2400001	2425000	25908
Chr1	2425001	2450000	28525
Chr1	2450001	2475000	40728
Chr1	2475001	2500000	33408
Chr1	2500001	2525000	21614
Chr1	2525001	2550000	56308
Chr1	2550001	2575000	22622
Chr1	2575001	2600000	19521
Chr1	2600001	2625000	16335
Chr1	2625001	2650000	29701
Chr1	2650001	2675000	33213
Chr1	2675001	2700000	29192
Chr1	2700001	2725000	33217
Chr1	2725001	2750000	34941
Chr1	2750001	2775000	19715
Chr1	2775001	2800000	38885
Chr1	2800001	2825000	24729
Chr1	2825001	2850000	49782
Chr1	2850001	2875000	46058
Chr1	2875001	2900000	26824
Chr1	2900001	2925000	23247
Chr1	2925001	2950000	37133
Chr1	2950001	2975000	44999
Chr1	2975001	3000000	57128
Chr1	3000001	3025000	22851
Chr1	3025001	3050000	19287
Chr1	3050001	3075000	33280
Chr1	3075001	3100000	30322
Chr1	3100001	3125000	30911
Chr1	3125001	3150000	37073
Chr1	3150001	3175000	39431
Chr1	3175001	3200000	22369
Chr1	3200001	3225000	27163
Chr1	3225001	3250000	9391
Chr1	3250001	3275000	12686
Chr1	3275001	3300000	44471
Chr1	3300001	3325000	29216
Chr1	3325001	3350000	53098
Chr1	3350001	3375000	39709
Chr1	3375001	3400000	56373
Chr1	3400001	3425000	29146
Chr1	3425001	3450000	19398
Chr1	3450001	3475000	19186
Chr1	3475001	3500000	51582
Chr1	3500001	3525000	36821
Chr1	3525001	3550000	28081
Chr1	3550001	3575000	34536
Chr1	3575001	3600000	25099
Chr1	3600001	3625000	26323
Chr1	3625001	3650000	57745
Chr1	3650001	3675000	41827
Chr1	3675001	3700000	50193
Chr1	3700001	3725000	48148
Chr1	3725001	3750000	37929
Chr1	3750001	3775000	23437
Chr1	3775001	3800000	43523
Chr1	3800001	3825000	30075
Chr1	3825001	3850000	34609
Chr1	3850001	3875000	50176
Chr1	3875001	3900000	23490
Chr1	3900001	3925000	43059
Chr1	3925001	3950000	32248
Chr1	3950001	3975000	50679
Chr1	3975001	4000000	31389
Chr1	4000001	4025000	40762
Chr1	4025001	4050000	48996
Chr1	4050001	4075000	41236
Chr1	4075001	4100000	50459
Chr1	4100001	4125000	43104
Chr1	4125001	4150000	23211
Chr1	4150001	4175000	35159
Chr1	4175001	4200000	36902
Chr1	4200001	4225000	36685
Chr1	4225001	4250000	45923
Chr1	4250001	4275000	56979
Chr1	4275001	4300000	30028
Chr1	4300001	4325000	32749
Chr1	4325001	4350000	14815
Chr1	4350001	4375000	40259
Chr1	4375001	4400000	46803
Chr1	4400001	4425000	45121
Chr1	4425001	4450000	33872
Chr1	4450001	4475000	45798
Chr1	4475001	4500000	28963
Chr1	4500001	4525000	36764
Chr1	4525001	4550000	48790
Chr1	4550001	4575000	28579
Chr1	4575001	4600000	45819
Chr1	4600001	4625000	54474
Chr1	4625001	4650000	33910
Chr1	4650001	4675000	48658
Chr1	4675001	4700000	32190
Chr1	4700001	4725000	15934
Chr1	4725001	4750000	28589
Chr1	4750001	4775000	48572
Chr1	4775001	4800000	30380
Chr1	4800001	4825000	40067
Chr1	4825001	4850000	31917
Chr1	4850001	4875000	34256
Chr1	4875001	4900000	22478
Chr1	4900001	4925000	21320
Chr1	4925001	4950000	28415
Chr1	4950001	4975000	36997
Chr1	4975001	5000000	43562
Chr1	5000001	5025000	18426
Chr1	5025001	5050000	22930
Chr1	5050001	5075000	42300
Chr1	5075001	5100000	39855
Chr1	5100001	5125000	41328
Chr1	5125001	5150000	25767
Chr1	5150001	5175000	12778
Chr1	5175001	5200000	26270
Chr1	5200001	5225000	24351
Chr1	5225001	5250000	9954
Chr1	5250001	5275000	11985
Chr1	5275001	5300000	18234
Chr1	5300001	5325000	19133
Chr1	5325001	5350000	28165
Chr1	5350001	5375000	31783
Chr1	5375001	5400000	41679
Chr1	5400001	5425000	21995
Chr1	5425001	5450000	36320
Chr1	5450001	5475000	24866
Chr1	5475001	5500000	29901
Chr1	5500001	5525000	34394
Chr1	5525001	5550000	31840
Chr1	5550001	5575000	14549
Chr1	5575001	5600000	4722
Chr1	5600001	5625000	21477
Chr1	5625001	5650000	31339
Chr1	5650001	5675000	14980
Chr1	5675001	5700000	6306
Chr1	5700001	5725000	5560
Chr1	5725001	5750000	6889
Chr1	5750001	5775000	5349
Chr1	5775001	5800000	10519
Chr1	5800001	5825000	4432
Chr1	5825001	5850000	5472
Chr1	5850001	5875000	5147
Chr1	5875001	5900000	5001
Chr1	5900001	5925000	6185
Chr1	5925001	5950000	5392
Chr1	5950001	5975000	7231
Chr1	5975001	6000000	5770
Chr1	6000001	6025000	19344
Chr1	6025001	6050000	31840
Chr1	6050001	6075000	27844
Chr1	6075001	6100000	36114
Chr1	6100001	6125000	27180
Chr1	6125001	6150000	25993
Chr1	6150001	6175000	42783
Chr1	6175001	6200000	23523
Chr1	6200001	6225000	42684
Chr1	6225001	6250000	67252
Chr1	6250001	6275000	49929
Chr1	6275001	6300000	33411
Chr1	6300001	6325000	37307
Chr1	6325001	6350000	49582
Chr1	6350001	6375000	48402
Chr1	6375001	6400000	45966
Chr1	6400001	6425000	33963
Chr1	6425001	6450000	25753
Chr1	6450001	6475000	60052
Chr1	6475001	6500000	35647
Chr1	6500001	6525000	42098
Chr1	6525001	6550000	19550
Chr1	6550001	6575000	6207
Chr1	6575001	6600000	6278
Chr1	6600001	6625000	23015
Chr1	6625001	6650000	38997
Chr1	6650001	6675000	17509
Chr1	6675001	6700000	33011
Chr1	6700001	6725000	33183
Chr1	6725001	6750000	29235
Chr1	6750001	6775000	36307
Chr1	6775001	6800000	34573
Chr1	6800001	6825000	21145
Chr1	6825001	6850000	32608
Chr1	6850001	6875000	21696
Chr1	6875001	6900000	49590
Chr1	6900001	6925000	23930
Chr1	6925001	6950000	6491
Chr1	6950001	6975000	20667
Chr1	6975001	7000000	5372
Chr1	7000001	7025000	18371
Chr1	7025001	7050000	10617
Chr1	7050001	7075000	14031
Chr1	7075001	7100000	5504
Chr1	7100001	7125000	5278
Chr1	7125001	7150000	24577
Chr1	7150001	7175000	8637
Chr1	7175001	7200000	6150
Chr1	7200001	7225000	5592
Chr1	7225001	7250000	31909
Chr1	7250001	7275000	25094
Chr1	7275001	7300000	18501
Chr1	7300001	7325000	6440
Chr1	7325001	7350000	7505
Chr1	7350001	7375000	13292
Chr1	7375001	7400000	6364
Chr1	7400001	7425000	5379
Chr1	7425001	7450000	5117
Chr1	7450001	7475000	5682
Chr1	7475001	7500000	4374
Chr1	7500001	7525000	8926
Chr1	7525001	7550000	5792
Chr1	7550001	7575000	4855
Chr1	7575001	7600000	4576
Chr1	7600001	7625000	5233
Chr1	7625001	7650000	5262
Chr1	7650001	7675000	5780
Chr1	7675001	7700000	5045
Chr1	7700001	7725000	4889
Chr1	7725001	7750000	8198
Chr1	7750001	7775000	13716
Chr1	7775001	7800000	10887
Chr1	7800001	7825000	6086
Chr1	7825001	7850000	21745
Chr1	7850001	7875000	26286
Chr1	7875001	7900000	35965
Chr1	7900001	7925000	30609
Chr1	7925001	7950000	22978
Chr1	7950001	7975000	40370
Chr1	7975001	8000000	51167
Chr1	8000001	8025000	28817
Chr1	8025001	8050000	62771
Chr1	8050001	8075000	55223
Chr1	8075001	8100000	40712
Chr1	8100001	8125000	51179
Chr1	8125001	8150000	33831
Chr1	8150001	8175000	35770
Chr1	8175001	8200000	35805
Chr1	8200001	8225000	22198
Chr1	8225001	8250000	45662
Chr1	8250001	8275000	23716
Chr1	8275001	8300000	22375
Chr1	8300001	8325000	20148
Chr1	8325001	8350000	18352
Chr1	8350001	8375000	47403
Chr1	8375001	8400000	37988
Chr1	8400001	8425000	17132
Chr1	8425001	8450000	27687
Chr1	8450001	8475000	9887
Chr1	8475001	8500000	31828
Chr1	8500001	8525000	21365
Chr1	8525001	8550000	48223
Chr1	8550001	8575000	55091
Chr1	8575001	8600000	12603
Chr1	8600001	8625000	7720
Chr1	8625001	8650000	17371
Chr1	8650001	8675000	47669
Chr1	8675001	8700000	33780
Chr1	8700001	8725000	29801
Chr1	8725001	8750000	38234
Chr1	8750001	8775000	27799
Chr1	8775001	8800000	33180
Chr1	8800001	8825000	13818
Chr1	8825001	8850000	19043
Chr1	8850001	8875000	33276
Chr1	8875001	8900000	36600
Chr1	8900001	8925000	54167
Chr1	8925001	8950000	42475
Chr1	8950001	8975000	29277
Chr1	8975001	9000000	2351
Chr1	9000001	9025000	12258
Chr1	9025001	9050000	54151
Chr1	9050001	9075000	39336
Chr1	9075001	9100000	23845
Chr1	9100001	9125000	36505
Chr1	9125001	9150000	50303
Chr1	9150001	9175000	56165
Chr1	9175001	9200000	43556
Chr1	9200001	9225000	28185
Chr1	9225001	9250000	52527
Chr1	9250001	9275000	49485
Chr1	9275001	9300000	21751
Chr1	9300001	9325000	46026
Chr1	9325001	9350000	39031
Chr1	9350001	9375000	31999
Chr1	9375001	9400000	32000
Chr1	9400001	9425000	46053
Chr1	9425001	9450000	33805
Chr1	9450001	9475000	17558
Chr1	9475001	9500000	57524
Chr1	9500001	9525000	36168
Chr1	9525001	9550000	25497
Chr1	9550001	9575000	38534
Chr1	9575001	9600000	24888
Chr1	9600001	9625000	19750
Chr1	9625001	9650000	59610
Chr1	9650001	9675000	28312
Chr1	9675001	9700000	14764
Chr1	9700001	9725000	27984
Chr1	9725001	9750000	32865
Chr1	9750001	9775000	40584
Chr1	9775001	9800000	6293
Chr1	9800001	9825000	46554
Chr1	9825001	9850000	24584
Chr1	9850001	9875000	32876
Chr1	9875001	9900000	27525
Chr1	9900001	9925000	39486
Chr1	9925001	9950000	20500
Chr1	9950001	9975000	38655
Chr1	9975001	10000000	55312
Chr1	10000001	10025000	34857
Chr1	10025001	10050000	37226
Chr1	10050001	10075000	17942
Chr1	10075001	10100000	45410
Chr1	10100001	10125000	32699
Chr1	10125001	10150000	19913
Chr1	10150001	10175000	28514
Chr1	10175001	10200000	24349
Chr1	10200001	10225000	34526
Chr1	10225001	10250000	34718
Chr1	10250001	10275000	38273
Chr1	10275001	10300000	41628
Chr1	10300001	10325000	43505
Chr1	10325001	10350000	44920
Chr1	10350001	10375000	30759
Chr1	10375001	10400000	56802
Chr1	10400001	10425000	32594
Chr1	10425001	10450000	13441
Chr1	10450001	10475000	34705
Chr1	10475001	10500000	51659
Chr1	10500001	10525000	40657
Chr1	10525001	10550000	15463
Chr1	10550001	10575000	9163
Chr1	10575001	10600000	25100
Chr1	10600001	10625000	28017
Chr1	10625001	10650000	27665
Chr1	10650001	10675000	43735
Chr1	10675001	10700000	44354
Chr1	10700001	10725000	27570
Chr1	10725001	10750000	47102
Chr1	10750001	10775000	19489
Chr1	10775001	10800000	16185
Chr1	10800001	10825000	10985
Chr1	10825001	10850000	30905
Chr1	10850001	10875000	5422
Chr1	10875001	10900000	5728
Chr1	10900001	10925000	4837
Chr1	10925001	10950000	5118
Chr1	10950001	10975000	5893
Chr1	10975001	11000000	5007
Chr1	11000001	11025000	11168
Chr1	11025001	11050000	20288
Chr1	11050001	11075000	20657
Chr1	11075001	11100000	26106
Chr1	11100001	11125000	35812
Chr1	11125001	11150000	14817
Chr1	11150001	11175000	30678
Chr1	11175001	11200000	28168
Chr1	11200001	11225000	6262
Chr1	11225001	11250000	6311
Chr1	11250001	11275000	5583
Chr1	11275001	11300000	6107
Chr1	11300001	11325000	4887
Chr1	11325001	11350000	5033
Chr1	11350001	11375000	7168
Chr1	11375001	11400000	4967
Chr1	11400001	11425000	4864
Chr1	11425001	11450000	5191
Chr1	11450001	11475000	4595
Chr1	11475001	11500000	5350
Chr1	11500001	11525000	4826
Chr1	11525001	11550000	5270
Chr1	11550001	11575000	4564
Chr1	11575001	11600000	4898
Chr1	11600001	11625000	6027
Chr1	11625001	11650000	5086
Chr1	11650001	11675000	4773
Chr1	11675001	11700000	5003
Chr1	11700001	11725000	4972
Chr1	11725001	11750000	4582
Chr1	11750001	11775000	2263
Chr2	1	25000	4022
Chr2	25001	50000	7834
Chr2	50001	75000	5117
Chr2	75001	100000	4983
Chr2	100001	125000	4810
Chr2	125001	150000	5087
Chr2	150001	175000	5626
Chr2	175001	200000	4869
Chr2	200001	225000	5183
Chr2	225001	250000	8479
Chr2	250001	275000	4973
Chr2	275001	300000	9628
Chr2	300001	325000	5225
Chr2	325001	350000	5266
Chr2	350001	375000	5000
Chr2	375001	400000	5305
Chr2	400001	425000	9076
Chr2	425001	450000	5995
Chr2	450001	475000	28926
Chr2	475001	500000	27066
Chr2	500001	525000	5714
Chr2	525001	550000	5553
Chr2	550001	575000	10045
Chr2	575001	600000	19342
Chr2	600001	625000	9538
Chr2	625001	650000	5820
Chr2	650001	675000	5736
Chr2	675001	700000	8248
Chr2	700001	725000	5688
Chr2	725001	750000	15910
Chr2	750001	775000	7012
Chr2	775001	800000	5903
Chr2	800001	825000	5080
Chr2	825001	850000	5450
Chr2	850001	875000	22094
Chr2	875001	900000	18883
Chr2	900001	925000	17056
Chr2	925001	950000	19807
Chr2	950001	975000	14643
Chr2	975001	1000000	11106
Chr2	1000001	1025000	36279
Chr2	1025001	1050000	18811
Chr2	1050001	1075000	28371
Chr2	1075001	1100000	42312
Chr2	1100001	1125000	7361
Chr2	1125001	1150000	28306
Chr2	1150001	1175000	20394
Chr2	1175001	1200000	10503
Chr2	1200001	1225000	32556
Chr2	1225001	1250000	36192
Chr2	1250001	1275000	20431
Chr2	1275001	1300000	42282
Chr2	1300001	1325000	6392
Chr2	1325001	1350000	28137
Chr2	1350001	1375000	59485
Chr2	1375001	1400000	13681
Chr2	1400001	1425000	45091
Chr2	1425001	1450000	52488
Chr2	1450001	1475000	28522
Chr2	1475001	1500000	26553
Chr2	1500001	1525000	13004
Chr2	1525001	1550000	44859
Chr2	1550001	1575000	50306
Chr2	1575001	1600000	39651
Chr2	1600001	1625000	48857
Chr2	1625001	1650000	22610
Chr2	1650001	1675000	16929
Chr2	1675001	1700000	39383
Chr2	1700001	1725000	35137
Chr2	1725001	1750000	30049
Chr2	1750001	1775000	24312
Chr2	1775001	1800000	37303
Chr2	1800001	1825000	32333
Chr2	1825001	1850000	36523
Chr2	1850001	1875000	30441
Chr2	1875001	1900000	45646
Chr2	1900001	1925000	17759
Chr2	1925001	1950000	28643
Chr2	1950001	1975000	35712
Chr2	1975001	2000000	28852
Chr2	2000001	2025000	25136
Chr2	2025001	2050000	42287
Chr2	2050001	2075000	24818
Chr2	2075001	2100000	45215
Chr2	2100001	2125000	29103
Chr2	2125001	2150000	40704
Chr2	2150001	2175000	39874
Chr2	2175001	2200000	42126
Chr2	2200001	2225000	29993
Chr2	2225001	2250000	34694
Chr2	2250001	2275000	15793
Chr2	2275001	2300000	38730
Chr2	2300001	2325000	14562
Chr2	2325001	2350000	26593
Chr2	2350001	2375000	26564
Chr2	2375001	2400000	32297
Chr2	2400001	2425000	59964
Chr2	2425001	2450000	51498
Chr2	2450001	2475000	25976
Chr2	2475001	2500000	39176
Chr2	2500001	2525000	25853
Chr2	2525001	2550000	27923
Chr2	2550001	2575000	53929
Chr2	2575001	2600000	20539
Chr2	2600001	2625000	43727
Chr2	2625001	2650000	36852
Chr2	2650001	2675000	22103
Chr2	2675001	2700000	6109
Chr2	2700001	2725000	36811
Chr2	2725001	2750000	46511
Chr2	2750001	2775000	18844
Chr2	2775001	2800000	11701
Chr2	2800001	2825000	7099
Chr2	2825001	2850000	5748
Chr2	2850001	2875000	24733
Chr2	2875001	2900000	20483
Chr2	2900001	2925000	31693
Chr2	2925001	2950000	44794
Chr2	2950001	2975000	37414
Chr2	2975001	3000000	27416
Chr2	3000001	3025000	22198
Chr2	3025001	3050000	43837
Chr2	3050001	3075000	28786
Chr2	3075001	3100000	17871
Chr2	3100001	3125000	29365
Chr2	3125001	3150000	18011
Chr2	3150001	3175000	25120
Chr2	3175001	3200000	58442
Chr2	3200001	3225000	32001
Chr2	3225001	3250000	35097
Chr2	3250001	3275000	16771
Chr2	3275001	3300000	2589
Chr2	3300001	3325000	2747
Chr2	3325001	3350000	24354
Chr2	3350001	3375000	51937
Chr2	3375001	3400000	20470
Chr2	3400001	3425000	44013
Chr2	3425001	3450000	27317
Chr2	3450001	3475000	38474
Chr2	3475001	3500000	12935
Chr2	3500001	3525000	7867
Chr2	3525001	3550000	5551
Chr2	3550001	3575000	7095
Chr2	3575001	3600000	7915
Chr2	3600001	3625000	18154
Chr2	3625001	3650000	5062
Chr2	3650001	3675000	6029
Chr2	3675001	3700000	5349
Chr2	3700001	3725000	23015
Chr2	3725001	3750000	7556
Chr2	3750001	3775000	6918
Chr2	3775001	3800000	6784
Chr2	3800001	3825000	5238
Chr2	3825001	3850000	11228
Chr2	3850001	3875000	12143
Chr2	3875001	3900000	16065
Chr2	3900001	3925000	13094
Chr2	3925001	3950000	7375
Chr2	3950001	3975000	5297
Chr2	3975001	4000000	14798
Chr2	4000001	4025000	10801
Chr2	4025001	4050000	14517
Chr2	4050001	4075000	5380
Chr2	4075001	4100000	5161
Chr2	4100001	4125000	7591
Chr2	4125001	4150000	4941
Chr2	4150001	4175000	9660
Chr2	4175001	4200000	6358
Chr2	4200001	4225000	5468
Chr2	4225001	4250000	12812
Chr2	4250001	4275000	5544
Chr2	4275001	4300000	8065
Chr2	4300001	4325000	9309
Chr2	4325001	4350000	4550
Chr2	4350001	4375000	4874
Chr2	4375001	4400000	5042
Chr2	4400001	4425000	5261
Chr2	4425001	4450000	12040
Chr2	4450001	4475000	7228
Chr2	4475001	4500000	5386
Chr2	4500001	4525000	5116
Chr2	4525001	4550000	15981
Chr2	4550001	4575000	17190
Chr2	4575001	4600000	9312
Chr2	4600001	4625000	8786
Chr2	4625001	4650000	17367
Chr2	4650001	4675000	5603
Chr2	4675001	4700000	7370
Chr2	4700001	4725000	7165
Chr2	4725001	4750000	14425
Chr2	4750001	4775000	21350
Chr2	4775001	4800000	6442
Chr2	4800001	4825000	13553
Chr2	4825001	4850000	5596
Chr2	4850001	4875000	5972
Chr2	4875001	4900000	12207
Chr2	4900001	4925000	6498
Chr2	4925001	4950000	5928
Chr2	4950001	4975000	5243
Chr2	4975001	5000000	8162
Chr2	5000001	5025000	5110
Chr2	5025001	5050000	11955
Chr2	5050001	5075000	5148
Chr2	5075001	5100000	6291
Chr2	5100001	5125000	9867
Chr2	5125001	5150000	14385
Chr2	5150001	5175000	10451
Chr2	5175001	5200000	11219
Chr2	5200001	5225000	7590
Chr2	5225001	5250000	5827
Chr2	5250001	5275000	9237
Chr2	5275001	5300000	4838
Chr2	5300001	5325000	7850
Chr2	5325001	5350000	8991
Chr2	5350001	5375000	5850
Chr2	5375001	5400000	6778
Chr2	5400001	5425000	4920
Chr2	5425001	5450000	5336
Chr2	5450001	5475000	6701
Chr2	5475001	5500000	5564
Chr2	5500001	5525000	8698
Chr2	5525001	5550000	4828
Chr2	5550001	5575000	6664
Chr2	5575001	5600000	4769
Chr2	5600001	5625000	4638
Chr2	5625001	5650000	5957
Chr2	5650001	5675000	8795
Chr2	5675001	5700000	4731
Chr2	5700001	5725000	4653
Chr2	5725001	5750000	10546
Chr2	5750001	5775000	6162
Chr2	5775001	5800000	5476
Chr2	5800001	5825000	11864
Chr2	5825001	5850000	14927
Chr2	5850001	5875000	5296
Chr2	5875001	5900000	6414
Chr2	5900001	5925000	10543
Chr2	5925001	5950000	4934
Chr2	5950001	5975000	12995
Chr2	5975001	6000000	8087
Chr2	6000001	6025000	6048
Chr2	6025001	6050000	15851
Chr2	6050001	6075000	7412
Chr2	6075001	6100000	24419
Chr2	6100001	6125000	10264
Chr2	6125001	6150000	5802
Chr2	6150001	6175000	9666
Chr2	6175001	6200000	5327
Chr2	6200001	6225000	7367
Chr2	6225001	6250000	6263
Chr2	6250001	6275000	9899
Chr2	6275001	6300000	6380
Chr2	6300001	6325000	6032
Chr2	6325001	6350000	4663
Chr2	6350001	6375000	5872
Chr2	6375001	6400000	5369
Chr2	6400001	6425000	5094
Chr2	6425001	6450000	6825
Chr2	6450001	6475000	5340
Chr2	6475001	6500000	9827
Chr2	6500001	6525000	7949
Chr2	6525001	6550000	10386
Chr2	6550001	6575000	26033
Chr2	6575001	6600000	6919
Chr2	6600001	6625000	42884
Chr2	6625001	6650000	32516
Chr2	6650001	6675000	5905
Chr2	6675001	6700000	28075
Chr2	6700001	6725000	37329
Chr2	6725001	6750000	43466
Chr2	6750001	6775000	29338
Chr2	6775001	6800000	11949
Chr2	6800001	6825000	15526
Chr2	6825001	6850000	23373
Chr2	6850001	6875000	5965
Chr2	6875001	6900000	23015
Chr2	6900001	6925000	26688
Chr2	6925001	6950000	46687
Chr2	6950001	6975000	39129
Chr2	6975001	7000000	52440
Chr2	7000001	7025000	37302
Chr2	7025001	7050000	36751
Chr2	7050001	7075000	30223
Chr2	7075001	7100000	27016
Chr2	7100001	7125000	30060
Chr2	7125001	7150000	20712
Chr2	7150001	7175000	39139
Chr2	7175001	7200000	13947
Chr2	7200001	7225000	14861
Chr2	7225001	7250000	27017
Chr2	7250001	7275000	20223
Chr2	7275001	7300000	20644
Chr2	7300001	7325000	36749
Chr2	7325001	7350000	9419
Chr2	7350001	7375000	30198
Chr2	7375001	7400000	18746
Chr2	7400001	7425000	28856
Chr2	7425001	7450000	37038
Chr2	7450001	7475000	37569
Chr2	7475001	7500000	49553
Chr2	7500001	7525000	33363
Chr2	7525001	7550000	36709
Chr2	7550001	7575000	24741
Chr2	7575001	7600000	30382
Chr2	7600001	7625000	47377
Chr2	7625001	7650000	37872
Chr2	7650001	7675000	24812
Chr2	7675001	7700000	14416
Chr2	7700001	7725000	44257
Chr2	7725001	7750000	31250
Chr2	7750001	7775000	35409
Chr2	7775001	7800000	33105
Chr2	7800001	7825000	26992
Chr2	7825001	7850000	14044
Chr2	7850001	7875000	36270
Chr2	7875001	7900000	43487
Chr2	7900001	7925000	50807
Chr2	7925001	7950000	37372
Chr2	7950001	7975000	31540
Chr2	7975001	8000000	12042
Chr2	8000001	8025000	8500
Chr2	8025001	8050000	5736
Chr2	8050001	8075000	25732
Chr2	8075001	8100000	23634
Chr2	8100001	8125000	7202
Chr2	8125001	8150000	13117
Chr2	8150001	8175000	29792
Chr2	8175001	8200000	32608
Chr2	8200001	8225000	13896
Chr2	8225001	8250000	6948
Chr2	8250001	8275000	5414
Chr2	8275001	8300000	10210
Chr2	8300001	8325000	5437
Chr2	8325001	8350000	5525
Chr2	8350001	8375000	8361
Chr2	8375001	8400000	24829
Chr2	8400001	8425000	14704
Chr2	8425001	8450000	11462
Chr2	8450001	8475000	23800
Chr2	8475001	8500000	5269
Chr2	8500001	8525000	5114
Chr2	8525001	8550000	5156
Chr2	8550001	8575000	5410
Chr2	8575001	8600000	5250
Chr2	8600001	8625000	9294
Chr2	8625001	8650000	4908
Chr2	8650001	8675000	4777
Chr2	8675001	8700000	5308
Chr2	8700001	8725000	4969
Chr2	8725001	8750000	4945
Chr2	8750001	8775000	4919
Chr2	8775001	8800000	4192
Chr2	8800001	8825000	8769
Chr2	8825001	8850000	4854
Chr2	8850001	8875000	4618
Chr2	8875001	8900000	5342
Chr2	8900001	8925000	5913
Chr2	8925001	8950000	5473
Chr2	8950001	8975000	5051
Chr2	8975001	9000000	3884
Chr3	1	25000	5039
Chr3	25001	50000	4657
Chr3	50001	75000	4852
Chr3	75001	100000	5511
Chr3	100001	125000	4483
Chr3	125001	150000	5932
Chr3	150001	175000	5998
Chr3	175001	200000	5521
Chr3	200001	225000	7375
Chr3	225001	250000	6959
Chr3	250001	275000	4717
Chr3	275001	300000	6085
Chr3	300001	325000	4737
Chr3	325001	350000	6234
Chr3	350001	375000	5067
Chr3	375001	400000	13779
Chr3	400001	425000	5859
Chr3	425001	450000	4962
Chr3	450001	475000	5709
Chr3	475001	500000	5645
Chr3	500001	525000	5424
Chr3	525001	550000	18769
Chr3	550001	575000	28128
Chr3	575001	600000	6400
Chr3	600001	625000	34196
Chr3	625001	650000	20567
Chr3	650001	675000	33041
Chr3	675001	700000	13352
Chr3	700001	725000	45561
Chr3	725001	750000	11483
Chr3	750001	775000	5241
Chr3	775001	800000	26042
Chr3	800001	825000	28019
Chr3	825001	850000	17051
Chr3	850001	875000	32137
Chr3	875001	900000	28319
Chr3	900001	925000	22670
Chr3	925001	950000	38208
Chr3	950001	975000	24039
Chr3	975001	1000000	16454
Chr3	1000001	1025000	23657
Chr3	1025001	1050000	18890
Chr3	1050001	1075000	37426
Chr3	1075001	1100000	15984
Chr3	1100001	1125000	28426
Chr3	1125001	1150000	48430
Chr3	1150001	1175000	33904
Chr3	1175001	1200000	42863
Chr3	1200001	1225000	21339
Chr3	1225001	1250000	44583
Chr3	1250001	1275000	44465
Chr3	1275001	1300000	39840
Chr3	1300001	1325000	33417
Chr3	1325001	1350000	32809
Chr3	1350001	1375000	38293
Chr3	1375001	1400000	18244
Chr3	1400001	1425000	39444
Chr3	1425001	1450000	22370
Chr3	1450001	1475000	43464
Chr3	1475001	1500000	49005
Chr3	1500001	1525000	39752
Chr3	1525001	1550000	23091
Chr3	1550001	1575000	33758
Chr3	1575001	1600000	23904
Chr3	1600001	1625000	27079
Chr3	1625001	1650000	43587
Chr3	1650001	1675000	26777
Chr3	1675001	1700000	49350
Chr3	1700001	1725000	21758
Chr3	1725001	1750000	42553
Chr3	1750001	1775000	34253
Chr3	1775001	1800000	32846
Chr3	1800001	1825000	32279
Chr3	1825001	1850000	51018
Chr3	1850001	1875000	27558
Chr3	1875001	1900000	6819
Chr3	1900001	1925000	27911
Chr3	1925001	1950000	23504
Chr3	1950001	1975000	28040
Chr3	1975001	2000000	12241
Chr3	2000001	2025000	35361
Chr3	2025001	2050000	6670
Chr3	2050001	2075000	13317
Chr3	2075001	2100000	53309
Chr3	2100001	2125000	54477
Chr3	2125001	2150000	30044
Chr3	2150001	2175000	38418
Chr3	2175001	2200000	48551
Chr3	2200001	2225000	44303
Chr3	2225001	2250000	50249
Chr3	2250001	2275000	71646
Chr3	2275001	2300000	23238
Chr3	2300001	2325000	28819
Chr3	2325001	2350000	48476
Chr3	2350001	2375000	21033
Chr3	2375001	2400000	20470
Chr3	2400001	2425000	21785
Chr3	2425001	2450000	31484
Chr3	2450001	2475000	64563
Chr3	2475001	2500000	40640
Chr3	2500001	2525000	41863
Chr3	2525001	2550000	31503
Chr3	2550001	2575000	31107
Chr3	2575001	2600000	39882
Chr3	2600001	2625000	34599
Chr3	2625001	2650000	31832
Chr3	2650001	2675000	32277
Chr3	2675001	2700000	35334
Chr3	2700001	2725000	45450
Chr3	2725001	2750000	23416
Chr3	2750001	2775000	42851
Chr3	2775001	2800000	26548
Chr3	2800001	2825000	27885
Chr3	2825001	2850000	47972
Chr3	2850001	2875000	45093
Chr3	2875001	2900000	30359
Chr3	2900001	2925000	38739
Chr3	2925001	2950000	43506
Chr3	2950001	2975000	30973
Chr3	2975001	3000000	22719
Chr3	3000001	3025000	36592
Chr3	3025001	3050000	37929
Chr3	3050001	3075000	35367
Chr3	3075001	3100000	26250
Chr3	3100001	3125000	16649
Chr3	3125001	3150000	23267
Chr3	3150001	3175000	15727
Chr3	3175001	3200000	11366
Chr3	3200001	3225000	35295
Chr3	3225001	3250000	26927
Chr3	3250001	3275000	22838
Chr3	3275001	3300000	13775
Chr3	3300001	3325000	21693
Chr3	3325001	3350000	30904
Chr3	3350001	3375000	32562
Chr3	3375001	3400000	12266
Chr3	3400001	3425000	7404
Chr3	3425001	3450000	5938
Chr3	3450001	3475000	5669
Chr3	3475001	3500000	6671
Chr3	3500001	3525000	6320
Chr3	3525001	3550000	38673
Chr3	3550001	3575000	24147
Chr3	3575001	3600000	47244
Chr3	3600001	3625000	22683
Chr3	3625001	3650000	21548
Chr3	3650001	3675000	23223
Chr3	3675001	3700000	43717
Chr3	3700001	3725000	24298
Chr3	3725001	3750000	23497
Chr3	3750001	3775000	37124
Chr3	3775001	3800000	20171
Chr3	3800001	3825000	22925
Chr3	3825001	3850000	18952
Chr3	3850001	3875000	34863
Chr3	3875001	3900000	39197
Chr3	3900001	3925000	18832
Chr3	3925001	3950000	30162
Chr3	3950001	3975000	21964
Chr3	3975001	4000000	34207
Chr3	4000001	4025000	57653
Chr3	4025001	4050000	17322
Chr3	4050001	4075000	49050
Chr3	4075001	4100000	47285
Chr3	4100001	4125000	42687
Chr3	4125001	4150000	48229
Chr3	4150001	4175000	46372
Chr3	4175001	4200000	25873
Chr3	4200001	4225000	39390
Chr3	4225001	4250000	24899
Chr3	4250001	4275000	28365
Chr3	4275001	4300000	24472
Chr3	4300001	4325000	40500
Chr3	4325001	4350000	54433
Chr3	4350001	4375000	48697
Chr3	4375001	4400000	25090
Chr3	4400001	4425000	27381
Chr3	4425001	4450000	31868
Chr3	4450001	4475000	18143
Chr3	4475001	4500000	37690
Chr3	4500001	4525000	38536
Chr3	4525001	4550000	31772
Chr3	4550001	4575000	39130
Chr3	4575001	4600000	37919
Chr3	4600001	4625000	36357
Chr3	4625001	4650000	40066
Chr3	4650001	4675000	39227
Chr3	4675001	4700000	30483
Chr3	4700001	4725000	45105
Chr3	4725001	4750000	17290
Chr3	4750001	4775000	20746
Chr3	4775001	4800000	27272
Chr3	4800001	4825000	53060
Chr3	4825001	4850000	57623
Chr3	4850001	4875000	59027
Chr3	4875001	4900000	29420
Chr3	4900001	4925000	41906
Chr3	4925001	4950000	29332
Chr3	4950001	4975000	35389
Chr3	4975001	5000000	41421
Chr3	5000001	5025000	20471
Chr3	5025001	5050000	30945
Chr3	5050001	5075000	37759
Chr3	5075001	5100000	51263
Chr3	5100001	5125000	25253
Chr3	5125001	5150000	44454
Chr3	5150001	5175000	32890
Chr3	5175001	5200000	49069
Chr3	5200001	5225000	32471
Chr3	5225001	5250000	57764
Chr3	5250001	5275000	17136
Chr3	5275001	5300000	48709
Chr3	5300001	5325000	35266
Chr3	5325001	5350000	39657
Chr3	5350001	5375000	1803
Chr3	5375001	5400000	2361
Chr3	5400001	5425000	26261
Chr3	5425001	5450000	50037
Chr3	5450001	5475000	41141
Chr3	5475001	5500000	55107
Chr3	5500001	5525000	33970
Chr3	5525001	5550000	20334
Chr3	5550001	5575000	21896
Chr3	5575001	5600000	34159
Chr3	5600001	5625000	33011
Chr3	5625001	5650000	42695
Chr3	5650001	5675000	50893
Chr3	5675001	5700000	22204
Chr3	5700001	5725000	31496
Chr3	5725001	5750000	35518
Chr3	5750001	5775000	21986
Chr3	5775001	5800000	46316
Chr3	5800001	5825000	33225
Chr3	5825001	5850000	31967
Chr3	5850001	5875000	38187
Chr3	5875001	5900000	35524
Chr3	5900001	5925000	57924
Chr3	5925001	5950000	29789
Chr3	5950001	5975000	58832
Chr3	5975001	6000000	26350
Chr3	6000001	6025000	21544
Chr3	6025001	6050000	39063
Chr3	6050001	6075000	47348
Chr3	6075001	6100000	10554
Chr3	6100001	6125000	21391
Chr3	6125001	6150000	37675
Chr3	6150001	6175000	25721
Chr3	6175001	6200000	32757
Chr3	6200001	6225000	22818
Chr3	6225001	6250000	39654
Chr3	6250001	6275000	10914
Chr3	6275001	6300000	4681
Chr3	6300001	6325000	4176
Chr3	6325001	6350000	4895
Chr3	6350001	6375000	5948
Chr3	6375001	6400000	7025
Chr3	6400001	6425000	10864
Chr3	6425001	6450000	5714
Chr3	6450001	6475000	4827
Chr3	6475001	6500000	6364
Chr3	6500001	6525000	11246
Chr3	6525001	6550000	9482
Chr3	6550001	6575000	12317
Chr3	6575001	6600000	5220
Chr3	6600001	6625000	5267
Chr3	6625001	6650000	5560
Chr3	6650001	6675000	5563
Chr3	6675001	6700000	5282
Chr3	6700001	6725000	6550
Chr3	6725001	6750000	5004
Chr3	6750001	6775000	9986
Chr3	6775001	6800000	5711
Chr3	6800001	6825000	5272
Chr3	6825001	6850000	5498
Chr3	6850001	6875000	4858
Chr3	6875001	6900000	8558
Chr3	6900001	6925000	5067
Chr3	6925001	6950000	5361
Chr3	6950001	6975000	5093
Chr3	6975001	7000000	5387
Chr3	7000001	7025000	4549
Chr3	7025001	7050000	5296
Chr3	7050001	7075000	11657
Chr3	7075001	7100000	5072
Chr3	7100001	7125000	5955
Chr3	7125001	7150000	4917
Chr3	7150001	7175000	12997
Chr3	7175001	7200000	6211
Chr3	7200001	7225000	6733
Chr3	7225001	7250000	5141
Chr3	7250001	7275000	5483
Chr3	7275001	7300000	5250
Chr3	7300001	7325000	5417
Chr3	7325001	7350000	5028
Chr3	7350001	7375000	7634
Chr3	7375001	7400000	5366
Chr3	7400001	7425000	5494
Chr3	7425001	7450000	5322
Chr3	7450001	7475000	5497
Chr3	7475001	7500000	7758
Chr3	7500001	7525000	5698
Chr3	7525001	7550000	5179
Chr3	7550001	7575000	5213
Chr3	7575001	7600000	10560
Chr3	7600001	7625000	5936
Chr3	7625001	7650000	6544
Chr3	7650001	7675000	11158
Chr3	7675001	7700000	5671
Chr3	7700001	7725000	5092
Chr3	7725001	7750000	5417
Chr3	7750001	7775000	4935
Chr3	7775001	7800000	3226
Chr4	1	25000	8055
Chr4	25001	50000	5305
Chr4	50001	75000	9190
Chr4	75001	100000	4724
Chr4	100001	125000	7611
Chr4	125001	150000	6312
Chr4	150001	175000	17482
Chr4	175001	200000	11220
Chr4	200001	225000	5849
Chr4	225001	250000	23771
Chr4	250001	275000	19856
Chr4	275001	300000	22717
Chr4	300001	325000	16598
Chr4	325001	350000	49157
Chr4	350001	375000	28064
Chr4	375001	400000	7738
Chr4	400001	425000	13372
Chr4	425001	450000	14254
Chr4	450001	475000	16576
Chr4	475001	500000	41969
Chr4	500001	525000	45292
Chr4	525001	550000	21160
Chr4	550001	575000	16749
Chr4	575001	600000	15131
Chr4	600001	625000	15323
Chr4	625001	650000	35856
Chr4	650001	675000	29342
Chr4	675001	700000	41970
Chr4	700001	725000	39576
Chr4	725001	750000	17900
Chr4	750001	775000	35493
Chr4	775001	800000	35950
Chr4	800001	825000	29205
Chr4	825001	850000	44929
Chr4	850001	875000	48468
Chr4	875001	900000	23646
Chr4	900001	925000	38393
Chr4	925001	950000	44024
Chr4	950001	975000	24602
Chr4	975001	1000000	34079
Chr4	1000001	1025000	20504
Chr4	1025001	1050000	32731
Chr4	1050001	1075000	45352
Chr4	1075001	1100000	12319
Chr4	1100001	1125000	44544
Chr4	1125001	1150000	21973
Chr4	1150001	1175000	49617
Chr4	1175001	1200000	27655
Chr4	1200001	1225000	23449
Chr4	1225001	1250000	30849
Chr4	1250001	1275000	36683
Chr4	1275001	1300000	43209
Chr4	1300001	1325000	31704
Chr4	1325001	1350000	24226
Chr4	1350001	1375000	48357
Chr4	1375001	1400000	24309
Chr4	1400001	1425000	52460
Chr4	1425001	1450000	51935
Chr4	1450001	1475000	60537
Chr4	1475001	1500000	36900
Chr4	1500001	1525000	35924
Chr4	1525001	1550000	51626
Chr4	1550001	1575000	29940
Chr4	1575001	1600000	25300
Chr4	1600001	1625000	39666
Chr4	1625001	1650000	39412
Chr4	1650001	1675000	36291
Chr4	1675001	1700000	38495
Chr4	1700001	1725000	40211
Chr4	1725001	1750000	54331
Chr4	1750001	1775000	53012
Chr4	1775001	1800000	42606
Chr4	1800001	1825000	45149
Chr4	1825001	1850000	37095
Chr4	1850001	1875000	44129
Chr4	1875001	1900000	32386
Chr4	1900001	1925000	32503
Chr4	1925001	1950000	21641
Chr4	1950001	1975000	18052
Chr4	1975001	2000000	29259
Chr4	2000001	2025000	38629
Chr4	2025001	2050000	39092
Chr4	2050001	2075000	32738
Chr4	2075001	2100000	39222
Chr4	2100001	2125000	31328
Chr4	2125001	2150000	38108
Chr4	2150001	2175000	15409
Chr4	2175001	2200000	37853
Chr4	2200001	2225000	31327
Chr4	2225001	2250000	48495
Chr4	2250001	2275000	28478
Chr4	2275001	2300000	34633
Chr4	2300001	2325000	34040
Chr4	2325001	2350000	38350
Chr4	2350001	2375000	44368
Chr4	2375001	2400000	36893
Chr4	2400001	2425000	19854
Chr4	2425001	2450000	37972
Chr4	2450001	2475000	47750
Chr4	2475001	2500000	43114
Chr4	2500001	2525000	33927
Chr4	2525001	2550000	23789
Chr4	2550001	2575000	16800
Chr4	2575001	2600000	18930
Chr4	2600001	2625000	49134
Chr4	2625001	2650000	34232
Chr4	2650001	2675000	36654
Chr4	2675001	2700000	23758
Chr4	2700001	2725000	36574
Chr4	2725001	2750000	40701
Chr4	2750001	2775000	34968
Chr4	2775001	2800000	28913
Chr4	2800001	2825000	28780
Chr4	2825001	2850000	43931
Chr4	2850001	2875000	29540
Chr4	2875001	2900000	54237
Chr4	2900001	2925000	38524
Chr4	2925001	2950000	19606
Chr4	2950001	2975000	19469
Chr4	2975001	3000000	28440
Chr4	3000001	3025000	46911
Chr4	3025001	3050000	52421
Chr4	3050001	3075000	34156
Chr4	3075001	3100000	50817
Chr4	3100001	3125000	43190
Chr4	3125001	3150000	51936
Chr4	3150001	3175000	40472
Chr4	3175001	3200000	31869
Chr4	3200001	3225000	30554
Chr4	3225001	3250000	30124
Chr4	3250001	3275000	13380
Chr4	3275001	3300000	38419
Chr4	3300001	3325000	32133
Chr4	3325001	3350000	26861
Chr4	3350001	3375000	39929
Chr4	3375001	3400000	34846
Chr4	3400001	3425000	38520
Chr4	3425001	3450000	52004
Chr4	3450001	3475000	48209
Chr4	3475001	3500000	40613
Chr4	3500001	3525000	35757
Chr4	3525001	3550000	55295
Chr4	3550001	3575000	33931
Chr4	3575001	3600000	33097
Chr4	3600001	3625000	41341
Chr4	3625001	3650000	44070
Chr4	3650001	3675000	23945
Chr4	3675001	3700000	23796
Chr4	3700001	3725000	18033
Chr4	3725001	3750000	13514
Chr4	3750001	3775000	32179
Chr4	3775001	3800000	24312
Chr4	3800001	3825000	37192
Chr4	3825001	3850000	9838
Chr4	3850001	3875000	20109
Chr4	3875001	3900000	5990
Chr4	3900001	3925000	5779
Chr4	3925001	3950000	4965
Chr4	3950001	3975000	5390
Chr4	3975001	4000000	6709
Chr4	4000001	4025000	5902
Chr4	4025001	4050000	12285
Chr4	4050001	4075000	6395
Chr4	4075001	4100000	5836
Chr4	4100001	4125000	5442
Chr4	4125001	4150000	5464
Chr4	4150001	4175000	6170
Chr4	4175001	4200000	5397
Chr4	4200001	4225000	10522
Chr4	4225001	4250000	6924
Chr4	4250001	4275000	12893
Chr4	4275001	4300000	5156
Chr4	4300001	4325000	5262
Chr4	4325001	4350000	5086
Chr4	4350001	4375000	5339
Chr4	4375001	4400000	5270
Chr4	4400001	4425000	5401
Chr4	4425001	4450000	11450
Chr4	4450001	4475000	5260
Chr4	4475001	4500000	7697
Chr4	4500001	4525000	5356
Chr4	4525001	4550000	4547
Chr4	4550001	4575000	5108
Chr4	4575001	4600000	5253
Chr4	4600001	4625000	6013
Chr4	4625001	4650000	15316
Chr4	4650001	4675000	6078
Chr4	4675001	4700000	27807
Chr4	4700001	4725000	31644
Chr4	4725001	4750000	39208
Chr4	4750001	4775000	17174
Chr4	4775001	4800000	27958
Chr4	4800001	4825000	15333
Chr4	4825001	4850000	11815
Chr4	4850001	4875000	14186
Chr4	4875001	4900000	37440
Chr4	4900001	4925000	22326
Chr4	4925001	4950000	33173
Chr4	4950001	4975000	40119
Chr4	4975001	5000000	55840
Chr4	5000001	5025000	57825
Chr4	5025001	5050000	32603
Chr4	5050001	5075000	2108
Chr4	5075001	5100000	2043
Chr4	5100001	5125000	61752
Chr4	5125001	5150000	58678
Chr4	5150001	5175000	44509
Chr4	5175001	5200000	35960
Chr4	5200001	5225000	16054
Chr4	5225001	5250000	39930
Chr4	5250001	5275000	36082
Chr4	5275001	5300000	21770
Chr4	5300001	5325000	43910
Chr4	5325001	5350000	28326
Chr4	5350001	5375000	36020
Chr4	5375001	5400000	50218
Chr4	5400001	5425000	33797
Chr4	5425001	5450000	23822
Chr4	5450001	5475000	35367
Chr4	5475001	5500000	28782
Chr4	5500001	5525000	34675
Chr4	5525001	5550000	29273
Chr4	5550001	5575000	26094
Chr4	5575001	5600000	23856
Chr4	5600001	5625000	23189
Chr4	5625001	5650000	11257
Chr4	5650001	5675000	29100
Chr4	5675001	5700000	37782
Chr4	5700001	5725000	28333
Chr4	5725001	5750000	33195
Chr4	5750001	5775000	67786
Chr4	5775001	5800000	32033
Chr4	5800001	5825000	28451
Chr4	5825001	5850000	38115
Chr4	5850001	5875000	45760
Chr4	5875001	5900000	44149
Chr4	5900001	5925000	35144
Chr4	5925001	5950000	31502
Chr4	5950001	5975000	52275
Chr4	5975001	6000000	29306
Chr4	6000001	6025000	58120
Chr4	6025001	6050000	47933
Chr4	6050001	6075000	46613
Chr4	6075001	6100000	29220
Chr4	6100001	6125000	30734
Chr4	6125001	6150000	51249
Chr4	6150001	6175000	37127
Chr4	6175001	6200000	36973
Chr4	6200001	6225000	37768
Chr4	6225001	6250000	22911
Chr4	6250001	6275000	39060
Chr4	6275001	6300000	36470
Chr4	6300001	6325000	33802
Chr4	6325001	6350000	33372
Chr4	6350001	6375000	40944
Chr4	6375001	6400000	27949
Chr4	6400001	6425000	23668
Chr4	6425001	6450000	11361
Chr4	6450001	6475000	31278
Chr4	6475001	6500000	18909
Chr4	6500001	6525000	22503
Chr4	6525001	6550000	4907
Chr4	6550001	6575000	48897
Chr4	6575001	6600000	50207
Chr4	6600001	6625000	34529
Chr4	6625001	6650000	14439
Chr4	6650001	6675000	29856
Chr4	6675001	6700000	46590
Chr4	6700001	6725000	22189
Chr4	6725001	6750000	31224
Chr4	6750001	6775000	19223
Chr4	6775001	6800000	18623
Chr4	6800001	6825000	24030
Chr4	6825001	6850000	6283
Chr4	6850001	6875000	39738
Chr4	6875001	6900000	13942
Chr4	6900001	6925000	31980
Chr4	6925001	6950000	37511
Chr4	6950001	6975000	50746
Chr4	6975001	7000000	22749
Chr4	7000001	7025000	31400
Chr4	7025001	7050000	13623
Chr4	7050001	7075000	42292
Chr4	7075001	7100000	42670
Chr4	7100001	7125000	38850
Chr4	7125001	7150000	44999
Chr4	7150001	7175000	25291
Chr4	7175001	7200000	36665
Chr4	7200001	7225000	37313
Chr4	7225001	7250000	25790
Chr4	7250001	7275000	35257
Chr4	7275001	7300000	26002
Chr4	7300001	7325000	28975
Chr4	7325001	7350000	6660
Chr4	7350001	7375000	16168
Chr4	7375001	7400000	10779
Chr4	7400001	7425000	36857
Chr4	7425001	7450000	24958
Chr4	7450001	7475000	7378
Chr4	7475001	7500000	11023
Chr4	7500001	7525000	5295
Chr4	7525001	7550000	5613
Chr4	7550001	7575000	5161
Chr4	7575001	7600000	5615
Chr4	7600001	7625000	5071
Chr4	7625001	7650000	4801
Chr4	7650001	7675000	5205
Chr4	7675001	7700000	5518
Chr4	7700001	7725000	9524
Chr4	7725001	7750000	34713
Chr4	7750001	7775000	10445
Chr4	7775001	7800000	21295
Chr4	7800001	7825000	35775
Chr4	7825001	7850000	30905
Chr4	7850001	7875000	58492
Chr4	7875001	7900000	33689
Chr4	7900001	7925000	35711
Chr4	7925001	7950000	52006
Chr4	7950001	7975000	19732
Chr4	7975001	8000000	17288
Chr4	8000001	8025000	12395
Chr4	8025001	8050000	1644
Chr4	8050001	8075000	1625
Chr4	8075001	8100000	1644
Chr4	8100001	8125000	1650
Chr4	8125001	8150000	1658
Chr4	8150001	8175000	1644
Chr4	8175001	8200000	1632
Chr4	8200001	8225000	1650
Chr4	8225001	8250000	1685
Chr4	8250001	8275000	1653
Chr4	8275001	8300000	1657
Chr4	8300001	8325000	1664
Chr4	8325001	8350000	1699
Chr4	8350001	8375000	1546
Chr4	8375001	8400000	1645
Chr4	8400001	8425000	1629
Chr4	8425001	8450000	1641
Chr4	8450001	8475000	1588
Chr4	8475001	8500000	1641
Chr4	8500001	8525000	1573
Chr4	8525001	8550000	1607
Chr4	8550001	8575000	1717
Chr4	8575001	8600000	1636
Chr4	8600001	8625000	1663
Chr4	8625001	8650000	1601
Chr4	8650001	8675000	1622
Chr4	8675001	8700000	1644
Chr4	8700001	8725000	1570
Chr4	8725001	8750000	1591
Chr4	8750001	8775000	1702
Chr4	8775001	8800000	1595
Chr4	8800001	8825000	1618
Chr4	8825001	8850000	1656
Chr4	8850001	8875000	1635
Chr4	8875001	8900000	1579
Chr4	8900001	8925000	1660
Chr4	8925001	8950000	1576
Chr4	8950001	8975000	1696
Chr4	8975001	9000000	1673
Chr4	9000001	9025000	1579
Chr4	9025001	9050000	1699
Chr4	9050001	9075000	1613
Chr4	9075001	9100000	1686
Chr4	9100001	9125000	1610
Chr4	9125001	9150000	1658
Chr4	9150001	9175000	1647
Chr4	9175001	9200000	1597
Chr4	9200001	9225000	1653
Chr4	9225001	9250000	1644
Chr4	9250001	9275000	1619
Chr4	9275001	9300000	1659
Chr4	9300001	9325000	1591
Chr4	9325001	9350000	1712
Chr4	9350001	9375000	1598
Chr4	9375001	9400000	1807
Chr4	9400001	9425000	468
