Chr1	1	25000	2.265060241
Chr1	25001	50000	1.797101449
Chr1	50001	75000	26.25862069
Chr1	75001	100000	9.311163895
Chr1	100001	125000	1.049382716
Chr1	125001	150000	1.721518987
Chr1	150001	175000	2.096676737
Chr1	175001	200000	1.975
Chr1	200001	225000	11.25139665
Chr1	225001	250000	1.907120743
Chr1	250001	275000	6.994923858
Chr1	275001	300000	1.830712185
Chr1	300001	325000	2.507142857
Chr1	325001	350000	84.72483221
Chr1	350001	375000	5.00390117
Chr1	375001	400000	9.107784431
Chr1	400001	425000	0.120818505
Chr1	425001	450000	2.404907975
Chr1	450001	475000	1.150690496
Chr1	475001	500000	0.325088339
Chr1	500001	525000	6.797856795
Chr1	525001	550000	1.474906678
Chr1	550001	575000	2.156889809
Chr1	575001	600000	3.017516543
Chr1	600001	625000	1.543377189
Chr1	625001	650000	1.555047728
Chr1	650001	675000	0.639140651
Chr1	675001	700000	0.956932153
Chr1	700001	725000	1.467151905
Chr1	725001	750000	8.161977835
Chr1	750001	775000	0.523300821
Chr1	775001	800000	0.622861054
Chr1	800001	825000	0.434044159
Chr1	825001	850000	1.414821124
Chr1	850001	875000	0.556923077
Chr1	875001	900000	0.32622319
Chr1	900001	925000	0.881200533
Chr1	925001	950000	1.406246575
Chr1	950001	975000	1.62120068
Chr1	975001	1000000	1.256848176
Chr1	1000001	1025000	2.074582083
Chr1	1025001	1050000	1.874632316
Chr1	1050001	1075000	0.26007585
Chr1	1075001	1100000	0.489427074
Chr1	1100001	1125000	1.960020608
Chr1	1125001	1150000	1.787153652
Chr1	1150001	1175000	1.436167774
Chr1	1175001	1200000	0.558969761
Chr1	1200001	1225000	1.408477914
Chr1	1225001	1250000	1.061632183
Chr1	1250001	1275000	2.251519692
Chr1	1275001	1300000	1.240507696
Chr1	1300001	1325000	0.721942758
Chr1	1325001	1350000	0.851437126
Chr1	1350001	1375000	2.328221606
Chr1	1375001	1400000	0.351574008
Chr1	1400001	1425000	0.19238719
Chr1	1425001	1450000	0.518963761
Chr1	1450001	1475000	0.471404207
Chr1	1475001	1500000	0.975011569
Chr1	1500001	1525000	2.444444444
Chr1	1525001	1550000	0.049299542
Chr1	1550001	1575000	1.411355615
Chr1	1575001	1600000	1.209519968
Chr1	1600001	1625000	1.049402457
Chr1	1625001	1650000	0.826902444
Chr1	1650001	1675000	1.187743733
Chr1	1675001	1700000	1.123813953
Chr1	1700001	1725000	0.237225647
Chr1	1725001	1750000	0.97332543
Chr1	1750001	1775000	2.108478538
Chr1	1775001	1800000	2.811480757
Chr1	1800001	1825000	1.202073498
Chr1	1825001	1850000	1.880526577
Chr1	1850001	1875000	0.251429868
Chr1	1875001	1900000	0.854532732
Chr1	1900001	1925000	0.322941771
Chr1	1925001	1950000	1.223933649
Chr1	1950001	1975000	0.939439484
Chr1	1975001	2000000	1.164940239
Chr1	2000001	2025000	4.737653754
Chr1	2025001	2050000	2.614582679
Chr1	2050001	2075000	1.983032783
Chr1	2075001	2100000	0.996282528
Chr1	2100001	2125000	1.726132903
Chr1	2125001	2150000	0.779248821
Chr1	2150001	2175000	4.41796875
Chr1	2175001	2200000	1.172907596
Chr1	2200001	2225000	1.110234237
Chr1	2225001	2250000	0.28279517
Chr1	2250001	2275000	0.395256149
Chr1	2275001	2300000	0.444690906
Chr1	2300001	2325000	1.385895522
Chr1	2325001	2350000	0.354996398
Chr1	2350001	2375000	0.40952381
Chr1	2375001	2400000	1.647108131
Chr1	2400001	2425000	0.986125385
Chr1	2425001	2450000	1.101667058
Chr1	2450001	2475000	1.252377549
Chr1	2475001	2500000	0.25747024
Chr1	2500001	2525000	0.143132035
Chr1	2525001	2550000	2.049973972
Chr1	2550001	2575000	0.096916715
Chr1	2575001	2600000	4.238035694
Chr1	2600001	2625000	0.434019497
Chr1	2625001	2650000	0.976620825
Chr1	2650001	2675000	0.665298373
Chr1	2675001	2700000	1.914788274
Chr1	2700001	2725000	1.582546306
Chr1	2725001	2750000	0.80783686
Chr1	2750001	2775000	2.459022833
Chr1	2775001	2800000	0.424494054
Chr1	2800001	2825000	0.201957566
Chr1	2825001	2850000	1.441799959
Chr1	2850001	2875000	1.853372434
Chr1	2875001	2900000	0.36892536
Chr1	2900001	2925000	0.531029717
Chr1	2925001	2950000	0.820083682
Chr1	2950001	2975000	0.964903091
Chr1	2975001	3000000	1.439109595
Chr1	3000001	3025000	1.445765986
Chr1	3025001	3050000	4.366083056
Chr1	3050001	3075000	2.030371793
Chr1	3075001	3100000	0.654946632
Chr1	3100001	3125000	0.57120743
Chr1	3125001	3150000	0.325490085
Chr1	3150001	3175000	3.168170632
Chr1	3175001	3200000	1.428306551
Chr1	3200001	3225000	0.590935169
Chr1	3225001	3250000	1.62740091
Chr1	3250001	3275000	0.110463284
Chr1	3275001	3300000	1.469186193
Chr1	3300001	3325000	1.594769131
Chr1	3325001	3350000	3.348418256
Chr1	3350001	3375000	1.01932901
Chr1	3375001	3400000	0.998844265
Chr1	3400001	3425000	0.804402394
Chr1	3425001	3450000	0.89506523
Chr1	3450001	3475000	0.313518874
Chr1	3475001	3500000	0.670093849
Chr1	3500001	3525000	0.138194762
Chr1	3525001	3550000	0.640367797
Chr1	3550001	3575000	2.318238722
Chr1	3575001	3600000	3.226806582
Chr1	3600001	3625000	1.040219378
Chr1	3625001	3650000	2.098347394
Chr1	3650001	3675000	1.611737921
Chr1	3675001	3700000	0.844049622
Chr1	3700001	3725000	2.379576279
Chr1	3725001	3750000	0.450611225
Chr1	3750001	3775000	2.739984111
Chr1	3775001	3800000	2.692233181
Chr1	3800001	3825000	0.652469347
Chr1	3825001	3850000	0.721977855
Chr1	3850001	3875000	0.862855276
Chr1	3875001	3900000	0.401619349
Chr1	3900001	3925000	0.506085492
Chr1	3925001	3950000	1.810934812
Chr1	3950001	3975000	0.875286369
Chr1	3975001	4000000	1.10472973
Chr1	4000001	4025000	1.726263872
Chr1	4025001	4050000	1.974506625
Chr1	4050001	4075000	1.628436019
Chr1	4075001	4100000	2.120947933
Chr1	4100001	4125000	1.207348047
Chr1	4125001	4150000	0.33216
Chr1	4150001	4175000	3.273081694
Chr1	4175001	4200000	1.994314144
Chr1	4200001	4225000	1.516262915
Chr1	4225001	4250000	0.608116355
Chr1	4250001	4275000	0.996181881
Chr1	4275001	4300000	0.177642702
Chr1	4300001	4325000	0.530330292
Chr1	4325001	4350000	1.138191396
Chr1	4350001	4375000	2.326439578
Chr1	4375001	4400000	0.863368879
Chr1	4400001	4425000	3.128954177
Chr1	4425001	4450000	0.206011055
Chr1	4450001	4475000	1.765763733
Chr1	4475001	4500000	0.836382114
Chr1	4500001	4525000	1.105470092
Chr1	4525001	4550000	1.363863266
Chr1	4550001	4575000	1.07908237
Chr1	4575001	4600000	1.804031275
Chr1	4600001	4625000	1.659222121
Chr1	4625001	4650000	1.568662063
Chr1	4650001	4675000	1.088415633
Chr1	4675001	4700000	1.733003808
Chr1	4700001	4725000	0.876251545
Chr1	4725001	4750000	0.159252302
Chr1	4750001	4775000	2.334938167
Chr1	4775001	4800000	0.703611457
Chr1	4800001	4825000	0.401813807
Chr1	4825001	4850000	0.263929619
Chr1	4850001	4875000	2.052874163
Chr1	4875001	4900000	0.886533865
Chr1	4900001	4925000	1.520323151
Chr1	4925001	4950000	1.583887156
Chr1	4950001	4975000	0.310195124
Chr1	4975001	5000000	3.608449667
Chr1	5000001	5025000	7.433918897
Chr1	5025001	5050000	1.160523046
Chr1	5050001	5075000	1.017637214
Chr1	5075001	5100000	2.181281236
Chr1	5100001	5125000	1.130564138
Chr1	5125001	5150000	0.312552293
Chr1	5150001	5175000	1.472124467
Chr1	5175001	5200000	1.826152005
Chr1	5200001	5225000	0.869357408
Chr1	5225001	5250000	0.786751096
Chr1	5250001	5275000	0.088877123
Chr1	5275001	5300000	1.12384881
Chr1	5300001	5325000	2.959157895
Chr1	5325001	5350000	1.421447395
Chr1	5350001	5375000	1.004557572
Chr1	5375001	5400000	1.208037094
Chr1	5400001	5425000	1.829507413
Chr1	5425001	5450000	1.52
Chr1	5450001	5475000	0.49339384
Chr1	5475001	5500000	0.624020228
Chr1	5500001	5525000	1.309100847
Chr1	5525001	5550000	0.902921393
Chr1	5550001	5575000	0.209108794
Chr1	5575001	5600000	0.141723356
Chr1	5600001	5625000	0.611136922
Chr1	5625001	5650000	0.766410823
Chr1	5650001	5675000	0.165460186
Chr1	5675001	5700000	3.716341213
Chr1	5700001	5725000	1.228272251
Chr1	5725001	5750000	0.11373685
Chr1	5750001	5775000	0.333021126
Chr1	5775001	5800000	1.707168277
Chr1	5800001	5825000	30.07624234
Chr1	5825001	5850000	1.220829016
Chr1	5850001	5875000	0.856760375
Chr1	5875001	5900000	0.151409396
Chr1	5900001	5925000	0.869455539
Chr1	5925001	5950000	9.367219917
Chr1	5950001	5975000	3.152066743
Chr1	5975001	6000000	8.177057357
Chr1	6000001	6025000	0.126028036
Chr1	6025001	6050000	0.308646435
Chr1	6050001	6075000	0.383832976
Chr1	6075001	6100000	0.353007272
Chr1	6100001	6125000	2.094842916
Chr1	6125001	6150000	0.559197182
Chr1	6150001	6175000	2.067988283
Chr1	6175001	6200000	0.316972542
Chr1	6200001	6225000	1.074572801
Chr1	6225001	6250000	1.286328197
Chr1	6250001	6275000	1.472641179
Chr1	6275001	6300000	1.311029261
Chr1	6300001	6325000	1.685401381
Chr1	6325001	6350000	1.423071439
Chr1	6350001	6375000	1.211514778
Chr1	6375001	6400000	1.749876071
Chr1	6400001	6425000	0.242734405
Chr1	6425001	6450000	2.372155078
Chr1	6450001	6475000	2.977909674
Chr1	6475001	6500000	0.253654767
Chr1	6500001	6525000	1.079795432
Chr1	6525001	6550000	0.967992718
Chr1	6550001	6575000	1.173131504
Chr1	6575001	6600000	0.091526186
Chr1	6600001	6625000	0.604847265
Chr1	6625001	6650000	1.076694706
Chr1	6650001	6675000	0.943668565
Chr1	6675001	6700000	1.267374517
Chr1	6700001	6725000	0.228948303
Chr1	6725001	6750000	0.681223983
Chr1	6750001	6775000	0.128410416
Chr1	6775001	6800000	1.898584071
Chr1	6800001	6825000	0.53496358
Chr1	6825001	6850000	0.375354519
Chr1	6850001	6875000	0.25004218
Chr1	6875001	6900000	2.255870303
Chr1	6900001	6925000	3.935083105
Chr1	6925001	6950000	15.99185336
Chr1	6950001	6975000	0.104269271
Chr1	6975001	7000000	0.567761419
Chr1	7000001	7025000	0.437818665
Chr1	7025001	7050000	0.418634746
Chr1	7050001	7075000	3.288241011
Chr1	7075001	7100000	0.796232028
Chr1	7100001	7125000	1.945736434
Chr1	7125001	7150000	0.957365331
Chr1	7150001	7175000	1.620209059
Chr1	7175001	7200000	2.785772029
Chr1	7200001	7225000	0.198156518
Chr1	7225001	7250000	4.343634597
Chr1	7250001	7275000	0.551630435
Chr1	7275001	7300000	2.400466563
Chr1	7300001	7325000	0.085454386
Chr1	7325001	7350000	0.404425239
Chr1	7350001	7375000	1.106269668
Chr1	7375001	7400000	0.320418848
Chr1	7400001	7425000	0.732208265
Chr1	7425001	7450000	3.921450151
Chr1	7450001	7475000	0.560878244
Chr1	7475001	7500000	124.75
Chr1	7500001	7525000	0.423234839
Chr1	7525001	7550000	0.392156863
Chr1	7550001	7575000	10.86906475
Chr1	7575001	7600000	2.095430108
Chr1	7600001	7625000	3.034738617
Chr1	7625001	7650000	2.45
Chr1	7650001	7675000	0.509647059
Chr1	7675001	7700000	3.872131148
Chr1	7700001	7725000	5.305502846
Chr1	7725001	7750000	0.150012713
Chr1	7750001	7775000	0.344108815
Chr1	7775001	7800000	0.870401811
Chr1	7800001	7825000	0.928458872
Chr1	7825001	7850000	5.308765653
Chr1	7850001	7875000	0.839839103
Chr1	7875001	7900000	0.643941742
Chr1	7900001	7925000	1.840947111
Chr1	7925001	7950000	1.410790899
Chr1	7950001	7975000	1.261799806
Chr1	7975001	8000000	1.100244499
Chr1	8000001	8025000	0.271181207
Chr1	8025001	8050000	1.973758608
Chr1	8050001	8075000	0.856313088
Chr1	8075001	8100000	0.128918575
Chr1	8100001	8125000	0.810178389
Chr1	8125001	8150000	0.729226821
Chr1	8150001	8175000	1.818113632
Chr1	8175001	8200000	4.764372148
Chr1	8200001	8225000	0.809854897
Chr1	8225001	8250000	0.912230791
Chr1	8250001	8275000	1.235388362
Chr1	8275001	8300000	0.042511632
Chr1	8300001	8325000	0.43077138
Chr1	8325001	8350000	0.42640583
Chr1	8350001	8375000	0.847466596
Chr1	8375001	8400000	2.074884108
Chr1	8400001	8425000	0.977108434
Chr1	8425001	8450000	2.899447061
Chr1	8450001	8475000	5.963011889
Chr1	8475001	8500000	0.875462558
Chr1	8500001	8525000	1.888562142
Chr1	8525001	8550000	1.105308153
Chr1	8550001	8575000	1.354036331
Chr1	8575001	8600000	2.321427149
Chr1	8600001	8625000	1.375151368
Chr1	8625001	8650000	0.63066986
Chr1	8650001	8675000	1.651187727
Chr1	8675001	8700000	0.854292647
Chr1	8700001	8725000	0.949172812
Chr1	8725001	8750000	0.729597749
Chr1	8750001	8775000	0.176990257
Chr1	8775001	8800000	0.871607659
Chr1	8800001	8825000	1.330641734
Chr1	8825001	8850000	0.479862405
Chr1	8850001	8875000	2.0015675
Chr1	8875001	8900000	4.716995448
Chr1	8900001	8925000	0.523832425
Chr1	8925001	8950000	0.672541171
Chr1	8950001	8975000	2.913484487
Chr1	8975001	9000000	0.6
Chr1	9000001	9025000	1.732
Chr1	9025001	9050000	3.976055566
Chr1	9050001	9075000	3.12588789
Chr1	9075001	9100000	6.587284627
Chr1	9100001	9125000	0.689204111
Chr1	9125001	9150000	2.752325413
Chr1	9150001	9175000	0.242501011
Chr1	9175001	9200000	0.725287247
Chr1	9200001	9225000	0.868920797
Chr1	9225001	9250000	1.442912538
Chr1	9250001	9275000	2.605185985
Chr1	9275001	9300000	0.661876248
Chr1	9300001	9325000	0.149277011
Chr1	9325001	9350000	0.579439252
Chr1	9350001	9375000	2.279449788
Chr1	9375001	9400000	5.143594557
Chr1	9400001	9425000	1.063190893
Chr1	9425001	9450000	0.631764618
Chr1	9450001	9475000	2.694269663
Chr1	9475001	9500000	1.891868331
Chr1	9500001	9525000	0.9447378
Chr1	9525001	9550000	0.546899054
Chr1	9550001	9575000	0.536694408
Chr1	9575001	9600000	0.593107098
Chr1	9600001	9625000	1.190008921
Chr1	9625001	9650000	0.404516286
Chr1	9650001	9675000	0.354821268
Chr1	9675001	9700000	2.502346038
Chr1	9700001	9725000	0.515078761
Chr1	9725001	9750000	0.665840269
Chr1	9750001	9775000	1.216203317
Chr1	9775001	9800000	2.314155251
Chr1	9800001	9825000	0.790417573
Chr1	9825001	9850000	0.946928209
Chr1	9850001	9875000	0.415100865
Chr1	9875001	9900000	0.546269874
Chr1	9900001	9925000	1.316859924
Chr1	9925001	9950000	1.017227878
Chr1	9950001	9975000	0.27220529
Chr1	9975001	10000000	1.20720258
Chr1	10000001	10025000	0.472121716
Chr1	10025001	10050000	0.672768582
Chr1	10050001	10075000	0.173631858
Chr1	10075001	10100000	0.723993467
Chr1	10100001	10125000	2.342337359
Chr1	10125001	10150000	0.714047751
Chr1	10150001	10175000	1.243300925
Chr1	10175001	10200000	0.939648764
Chr1	10200001	10225000	1.336861314
Chr1	10225001	10250000	0.10889198
Chr1	10250001	10275000	2.004299481
Chr1	10275001	10300000	1.414816896
Chr1	10300001	10325000	6.056038057
Chr1	10325001	10350000	1.082299467
Chr1	10350001	10375000	0.885708032
Chr1	10375001	10400000	0.953557538
Chr1	10400001	10425000	1.172925994
Chr1	10425001	10450000	1.654837404
Chr1	10450001	10475000	1.572321222
Chr1	10475001	10500000	1.267709292
Chr1	10500001	10525000	1.091512444
Chr1	10525001	10550000	1.261682243
Chr1	10550001	10575000	0.360645933
Chr1	10575001	10600000	2.447863248
Chr1	10600001	10625000	1.777200316
Chr1	10625001	10650000	0.39876186
Chr1	10650001	10675000	2.921845906
Chr1	10675001	10700000	2.249410786
Chr1	10700001	10725000	1.004554407
Chr1	10725001	10750000	0.266553821
Chr1	10750001	10775000	0.5558095
Chr1	10775001	10800000	1.556492411
Chr1	10800001	10825000	2.796638655
Chr1	10825001	10850000	2.228810736
Chr1	10850001	10875000	0.26283725
Chr1	10875001	10900000	0.088731962
Chr1	10900001	10925000	0.852994555
Chr1	10925001	10950000	0.379310345
Chr1	10950001	10975000	0.254930255
Chr1	10975001	11000000	4.017353579
Chr1	11000001	11025000	4.001416431
Chr1	11025001	11050000	1.407608696
Chr1	11050001	11075000	0.331360142
Chr1	11075001	11100000	0.989190147
Chr1	11100001	11125000	0.823359113
Chr1	11125001	11150000	0.522526818
Chr1	11150001	11175000	0.934822687
Chr1	11175001	11200000	0.441571872
Chr1	11200001	11225000	0.049595852
Chr1	11225001	11250000	0.013010386
Chr1	11250001	11275000	0.002541466
Chr1	11275001	11300000	0.248978202
Chr1	11300001	11325000	0.185021269
Chr1	11325001	11350000	0.093790427
Chr1	11350001	11375000	4.769784173
Chr1	11375001	11400000	1.498145859
Chr1	11400001	11425000	2.665132336
Chr1	11425001	11450000	0.039083629
Chr1	11450001	11475000	0.765217391
Chr1	11475001	11500000	0.428126391
Chr1	11500001	11525000	0.629680999
Chr1	11525001	11550000	14.75517791
Chr1	11550001	11575000	1.966666667
Chr1	11575001	11600000	0.142356661
Chr1	11600001	11625000	3.504116223
Chr1	11625001	11650000	16.17837976
Chr1	11650001	11675000	0.045683152
Chr1	11675001	11700000	19.90871369
Chr1	11700001	11725000	4.087649402
Chr1	11725001	11750000	11.875
Chr1	11750001	11775000	1
Chr2	1	25000	0.4048583
Chr2	25001	50000	1.490032452
Chr2	50001	75000	29.45945946
Chr2	75001	100000	25.98175476
Chr2	100001	125000	4.887323944
Chr2	125001	150000	4.842042042
Chr2	150001	175000	0.370197585
Chr2	175001	200000	0.762937713
Chr2	200001	225000	1.548514851
Chr2	225001	250000	12.95760945
Chr2	250001	275000	7.689768977
Chr2	275001	300000	9.240998105
Chr2	300001	325000	0.490318737
Chr2	325001	350000	113.978746
Chr2	350001	375000	2.864632984
Chr2	375001	400000	0.853828306
Chr2	400001	425000	1.747885402
Chr2	425001	450000	1.646851762
Chr2	450001	475000	0.084430024
Chr2	475001	500000	0.796287809
Chr2	500001	525000	0.440503064
Chr2	525001	550000	1.64124057
Chr2	550001	575000	1.183137526
Chr2	575001	600000	1.266281946
Chr2	600001	625000	3.637747336
Chr2	625001	650000	1.488667271
Chr2	650001	675000	0.019842313
Chr2	675001	700000	0.13125
Chr2	700001	725000	0.534449943
Chr2	725001	750000	0.251435479
Chr2	750001	775000	0.943582976
Chr2	775001	800000	0.289641944
Chr2	800001	825000	3.224016145
Chr2	825001	850000	2.61951539
Chr2	850001	875000	0.440724901
Chr2	875001	900000	0.679208199
Chr2	900001	925000	0.442949257
Chr2	925001	950000	0.758265167
Chr2	950001	975000	0.200439319
Chr2	975001	1000000	0.29645826
Chr2	1000001	1025000	0.830203018
Chr2	1025001	1050000	1.514196118
Chr2	1050001	1075000	6.483820576
Chr2	1075001	1100000	1.773485514
Chr2	1100001	1125000	3.19311103
Chr2	1125001	1150000	0.175999682
Chr2	1150001	1175000	4.575854285
Chr2	1175001	1200000	0.449471775
Chr2	1200001	1225000	1.971448631
Chr2	1225001	1250000	1.301431704
Chr2	1250001	1275000	0.426513218
Chr2	1275001	1300000	0.055164248
Chr2	1300001	1325000	2.644752018
Chr2	1325001	1350000	1.713402684
Chr2	1350001	1375000	0.481032532
Chr2	1375001	1400000	0.687748784
Chr2	1400001	1425000	0.242097482
Chr2	1425001	1450000	0.232808864
Chr2	1450001	1475000	0.286584396
Chr2	1475001	1500000	0.448015094
Chr2	1500001	1525000	0.125915334
Chr2	1525001	1550000	0.984021706
Chr2	1550001	1575000	3.053930055
Chr2	1575001	1600000	1.143563292
Chr2	1600001	1625000	1.098210992
Chr2	1625001	1650000	0.895463021
Chr2	1650001	1675000	0.994584573
Chr2	1675001	1700000	0.652067158
Chr2	1700001	1725000	1.897757608
Chr2	1725001	1750000	1.147273828
Chr2	1750001	1775000	0.575087311
Chr2	1775001	1800000	0.608469212
Chr2	1800001	1825000	0.86545908
Chr2	1825001	1850000	3.721834937
Chr2	1850001	1875000	2.44100656
Chr2	1875001	1900000	0.978012586
Chr2	1900001	1925000	0.459262017
Chr2	1925001	1950000	0.93372022
Chr2	1950001	1975000	0.110593384
Chr2	1975001	2000000	0.361742451
Chr2	2000001	2025000	0.857867618
Chr2	2025001	2050000	1.431209187
Chr2	2050001	2075000	0.464215816
Chr2	2075001	2100000	0.743860361
Chr2	2100001	2125000	0.420752907
Chr2	2125001	2150000	1.464228425
Chr2	2150001	2175000	3.037202918
Chr2	2175001	2200000	1.50851111
Chr2	2200001	2225000	1.492897886
Chr2	2225001	2250000	5.43159052
Chr2	2250001	2275000	2.498000511
Chr2	2275001	2300000	0.69292684
Chr2	2300001	2325000	0.180528753
Chr2	2325001	2350000	2.184895996
Chr2	2350001	2375000	0.918190918
Chr2	2375001	2400000	2.216578223
Chr2	2400001	2425000	3.892461468
Chr2	2425001	2450000	0.626417093
Chr2	2450001	2475000	0.673305158
Chr2	2475001	2500000	0.373194802
Chr2	2500001	2525000	0.658857411
Chr2	2525001	2550000	1.229240083
Chr2	2550001	2575000	1.031228066
Chr2	2575001	2600000	0.748560817
Chr2	2600001	2625000	0.572208738
Chr2	2625001	2650000	0.470990648
Chr2	2650001	2675000	0.296094864
Chr2	2675001	2700000	2.11476952
Chr2	2700001	2725000	1.073927711
Chr2	2725001	2750000	4.234052749
Chr2	2750001	2775000	0.142649849
Chr2	2775001	2800000	0.474772172
Chr2	2800001	2825000	4.434399118
Chr2	2825001	2850000	0.187798142
Chr2	2850001	2875000	1.128072208
Chr2	2875001	2900000	0.653670592
Chr2	2900001	2925000	0.913985854
Chr2	2925001	2950000	1.444631664
Chr2	2950001	2975000	0.561426531
Chr2	2975001	3000000	1.267027898
Chr2	3000001	3025000	1.146500308
Chr2	3025001	3050000	6.450015065
Chr2	3050001	3075000	0.715696822
Chr2	3075001	3100000	1.906560971
Chr2	3100001	3125000	0.872545619
Chr2	3125001	3150000	2.297834733
Chr2	3150001	3175000	0.265396938
Chr2	3175001	3200000	1.821326635
Chr2	3200001	3225000	1.179123173
Chr2	3225001	3250000	2.805007942
Chr2	3250001	3275000	1.26501201
Chr2	3275001	3300000	0.222222222
Chr2	3300001	3325000	0.222222222
Chr2	3325001	3350000	1.52951348
Chr2	3350001	3375000	2.054297432
Chr2	3375001	3400000	2.353452964
Chr2	3400001	3425000	1.450351338
Chr2	3425001	3450000	0.604280737
Chr2	3450001	3475000	0.058029052
Chr2	3475001	3500000	0.166031238
Chr2	3500001	3525000	0.585296217
Chr2	3525001	3550000	0.113048492
Chr2	3550001	3575000	1.629322268
Chr2	3575001	3600000	0.963575656
Chr2	3600001	3625000	2.19757951
Chr2	3625001	3650000	1.074401332
Chr2	3650001	3675000	0.813668224
Chr2	3675001	3700000	1.961601755
Chr2	3700001	3725000	0.040224177
Chr2	3725001	3750000	9.611089719
Chr2	3750001	3775000	0.63046508
Chr2	3775001	3800000	0.397155137
Chr2	3800001	3825000	2.377081569
Chr2	3825001	3850000	2.114674993
Chr2	3850001	3875000	0.036866876
Chr2	3875001	3900000	2.728790816
Chr2	3900001	3925000	0.027752492
Chr2	3925001	3950000	0.446094026
Chr2	3950001	3975000	5.501466276
Chr2	3975001	4000000	0.697885904
Chr2	4000001	4025000	1.666076994
Chr2	4025001	4050000	0.79630095
Chr2	4050001	4075000	1.581920904
Chr2	4075001	4100000	0.357227488
Chr2	4100001	4125000	0.101364522
Chr2	4125001	4150000	0.304271246
Chr2	4150001	4175000	1.111028593
Chr2	4175001	4200000	0.929166667
Chr2	4200001	4225000	0.946007113
Chr2	4225001	4250000	2.019496344
Chr2	4250001	4275000	1.435795077
Chr2	4275001	4300000	1.441327953
Chr2	4300001	4325000	0.610865003
Chr2	4325001	4350000	2.530571992
Chr2	4350001	4375000	1.338557271
Chr2	4375001	4400000	0.840471957
Chr2	4400001	4425000	0.926733963
Chr2	4425001	4450000	3.436124851
Chr2	4450001	4475000	5.9669967
Chr2	4475001	4500000	1.603760323
Chr2	4500001	4525000	2.322926522
Chr2	4525001	4550000	1.527352298
Chr2	4550001	4575000	0.152868798
Chr2	4575001	4600000	0.672131148
Chr2	4600001	4625000	0.629624459
Chr2	4625001	4650000	0.418525867
Chr2	4650001	4675000	9.78556701
Chr2	4675001	4700000	2.01367321
Chr2	4700001	4725000	0.52049447
Chr2	4725001	4750000	0.640064274
Chr2	4750001	4775000	1.022620572
Chr2	4775001	4800000	1.728140376
Chr2	4800001	4825000	1.13978022
Chr2	4825001	4850000	0.675531915
Chr2	4850001	4875000	0.299537531
Chr2	4875001	4900000	0.162734776
Chr2	4900001	4925000	3.42140362
Chr2	4925001	4950000	0.891448517
Chr2	4950001	4975000	0.686575819
Chr2	4975001	5000000	2.411644303
Chr2	5000001	5025000	0.965968586
Chr2	5025001	5050000	2.072299169
Chr2	5050001	5075000	0.029812596
Chr2	5075001	5100000	5.773584906
Chr2	5100001	5125000	0.188407802
Chr2	5125001	5150000	0.405428009
Chr2	5150001	5175000	0.862580465
Chr2	5175001	5200000	0.014666511
Chr2	5200001	5225000	1.24771895
Chr2	5225001	5250000	8.098325615
Chr2	5250001	5275000	1.195751138
Chr2	5275001	5300000	0.157147467
Chr2	5300001	5325000	1.276903599
Chr2	5325001	5350000	1.68
Chr2	5350001	5375000	3.057403509
Chr2	5375001	5400000	1.639190018
Chr2	5400001	5425000	4.436811406
Chr2	5425001	5450000	0.571759412
Chr2	5450001	5475000	0.05180304
Chr2	5475001	5500000	0.323143022
Chr2	5500001	5525000	0.497435897
Chr2	5525001	5550000	3.802809706
Chr2	5550001	5575000	9.19453274
Chr2	5575001	5600000	0.888888889
Chr2	5600001	5625000	0.806896552
Chr2	5625001	5650000	0.443387739
Chr2	5650001	5675000	6.653154496
Chr2	5675001	5700000	4.442901235
Chr2	5700001	5725000	4.077790304
Chr2	5725001	5750000	1.054844165
Chr2	5750001	5775000	0.330367075
Chr2	5775001	5800000	0.174475869
Chr2	5800001	5825000	0.412522316
Chr2	5825001	5850000	10.42521368
Chr2	5850001	5875000	4.261077844
Chr2	5875001	5900000	0.996270645
Chr2	5900001	5925000	1.47442327
Chr2	5925001	5950000	0.018388374
Chr2	5950001	5975000	0.179256144
Chr2	5975001	6000000	1.03371366
Chr2	6000001	6025000	1.677308294
Chr2	6025001	6050000	2.295152722
Chr2	6050001	6075000	0.131930672
Chr2	6075001	6100000	0.200345262
Chr2	6100001	6125000	1.522280552
Chr2	6125001	6150000	0.080270684
Chr2	6150001	6175000	0.994199131
Chr2	6175001	6200000	8.790688652
Chr2	6200001	6225000	0.839779721
Chr2	6225001	6250000	0.47842121
Chr2	6250001	6275000	2.437763713
Chr2	6275001	6300000	0.499019223
Chr2	6300001	6325000	0.128829377
Chr2	6325001	6350000	0.15186696
Chr2	6350001	6375000	0.24190413
Chr2	6375001	6400000	1.185512856
Chr2	6400001	6425000	0.416352675
Chr2	6425001	6450000	0.819945603
Chr2	6450001	6475000	1.65637776
Chr2	6475001	6500000	0.057289422
Chr2	6500001	6525000	0.250178699
Chr2	6525001	6550000	1.658770394
Chr2	6550001	6575000	0.629333
Chr2	6575001	6600000	6.709623028
Chr2	6600001	6625000	0.819691936
Chr2	6625001	6650000	2.43855771
Chr2	6650001	6675000	0.843802623
Chr2	6675001	6700000	0.946522195
Chr2	6700001	6725000	0.541547278
Chr2	6725001	6750000	1.263410969
Chr2	6750001	6775000	0.386754286
Chr2	6775001	6800000	0.625241646
Chr2	6800001	6825000	0.409175334
Chr2	6825001	6850000	2.439031239
Chr2	6850001	6875000	0.182397733
Chr2	6875001	6900000	0.276774331
Chr2	6900001	6925000	0.62820632
Chr2	6925001	6950000	0.523318022
Chr2	6950001	6975000	1.106360747
Chr2	6975001	7000000	0.980120919
Chr2	7000001	7025000	0.781335623
Chr2	7025001	7050000	0.480229682
Chr2	7050001	7075000	1.357847378
Chr2	7075001	7100000	2.738947368
Chr2	7100001	7125000	5.273155584
Chr2	7125001	7150000	1.458293775
Chr2	7150001	7175000	2.914592659
Chr2	7175001	7200000	2.076079427
Chr2	7200001	7225000	1.421878562
Chr2	7225001	7250000	1.159428334
Chr2	7250001	7275000	2.105168808
Chr2	7275001	7300000	1.334652202
Chr2	7300001	7325000	0.273646989
Chr2	7325001	7350000	11.79698958
Chr2	7350001	7375000	0.611962169
Chr2	7375001	7400000	1.361986274
Chr2	7400001	7425000	3.155809524
Chr2	7425001	7450000	1.585058215
Chr2	7450001	7475000	1.738961039
Chr2	7475001	7500000	1.166751509
Chr2	7500001	7525000	0.762619858
Chr2	7525001	7550000	0.670728112
Chr2	7550001	7575000	0.294690128
Chr2	7575001	7600000	0.604833682
Chr2	7600001	7625000	2.590415335
Chr2	7625001	7650000	1.392035398
Chr2	7650001	7675000	1.261200924
Chr2	7675001	7700000	0.168683403
Chr2	7700001	7725000	0.875702896
Chr2	7725001	7750000	0.247730542
Chr2	7750001	7775000	0.296667039
Chr2	7775001	7800000	0.700854701
Chr2	7800001	7825000	0.413962951
Chr2	7825001	7850000	0.623955076
Chr2	7850001	7875000	2.218376597
Chr2	7875001	7900000	2.149385657
Chr2	7900001	7925000	3.183801511
Chr2	7925001	7950000	1.782879777
Chr2	7950001	7975000	0.701844007
Chr2	7975001	8000000	0.277815607
Chr2	8000001	8025000	0.503865979
Chr2	8025001	8050000	0.785955056
Chr2	8050001	8075000	1.229988975
Chr2	8075001	8100000	0.129765624
Chr2	8100001	8125000	0.361948956
Chr2	8125001	8150000	2.943849121
Chr2	8150001	8175000	2.202316763
Chr2	8175001	8200000	1.310584389
Chr2	8200001	8225000	0.397286822
Chr2	8225001	8250000	0.700071582
Chr2	8250001	8275000	5.495596007
Chr2	8275001	8300000	70.25411335
Chr2	8300001	8325000	0.361527967
Chr2	8325001	8350000	1.481377372
Chr2	8350001	8375000	0.282203878
Chr2	8375001	8400000	1.094863357
Chr2	8400001	8425000	0.567237164
Chr2	8425001	8450000	0.532291427
Chr2	8450001	8475000	3.799928851
Chr2	8475001	8500000	1.023777357
Chr2	8500001	8525000	1.355858311
Chr2	8525001	8550000	13.17840127
Chr2	8550001	8575000	0.811840294
Chr2	8575001	8600000	6.648132059
Chr2	8600001	8625000	0.298136646
Chr2	8625001	8650000	0.058716214
Chr2	8650001	8675000	9.652542373
Chr2	8675001	8700000	11.6364049
Chr2	8700001	8725000	3.12293578
Chr2	8725001	8750000	0.191358025
Chr2	8750001	8775000	1.354967549
Chr2	8775001	8800000	0.86503856
Chr2	8800001	8825000	1.913347921
Chr2	8825001	8850000	0.827495043
Chr2	8850001	8875000	2.912217195
Chr2	8875001	8900000	0.844144903
Chr2	8900001	8925000	4.099337748
Chr2	8925001	8950000	1.305084746
Chr2	8950001	8975000	3.824120603
Chr2	8975001	9000000	68
Chr3	1	25000	0.580684597
Chr3	25001	50000	4.508196721
Chr3	50001	75000	89.89189189
Chr3	75001	100000	0.236022282
Chr3	100001	125000	0.343859649
Chr3	125001	150000	0.908284447
Chr3	150001	175000	1.102124312
Chr3	175001	200000	8.681081081
Chr3	200001	225000	1.295078923
Chr3	225001	250000	0.06043685
Chr3	250001	275000	0.108111845
Chr3	275001	300000	0.224817258
Chr3	300001	325000	0.201834862
Chr3	325001	350000	0.377055599
Chr3	350001	375000	2.388118812
Chr3	375001	400000	0.986576017
Chr3	400001	425000	1.382511695
Chr3	425001	450000	0.460977389
Chr3	450001	475000	4.028513238
Chr3	475001	500000	0.763678696
Chr3	500001	525000	3.497572816
Chr3	525001	550000	0.05190403
Chr3	550001	575000	0.168793236
Chr3	575001	600000	1.392866866
Chr3	600001	625000	0.484724727
Chr3	625001	650000	2.819306499
Chr3	650001	675000	2.679767844
Chr3	675001	700000	0.817882889
Chr3	700001	725000	0.168386997
Chr3	725001	750000	0.024611771
Chr3	750001	775000	0.927219184
Chr3	775001	800000	1.287664133
Chr3	800001	825000	1.827362293
Chr3	825001	850000	0.929026098
Chr3	850001	875000	5.40784821
Chr3	875001	900000	1.065221074
Chr3	900001	925000	3.295987286
Chr3	925001	950000	1.192522644
Chr3	950001	975000	1.149350264
Chr3	975001	1000000	1.174226534
Chr3	1000001	1025000	1.402117291
Chr3	1025001	1050000	0.371358077
Chr3	1050001	1075000	1.762807225
Chr3	1075001	1100000	0.511199903
Chr3	1100001	1125000	0.733366827
Chr3	1125001	1150000	0.875080014
Chr3	1150001	1175000	1.157263438
Chr3	1175001	1200000	1.764507215
Chr3	1200001	1225000	1.696221289
Chr3	1225001	1250000	0.901459281
Chr3	1250001	1275000	0.89148346
Chr3	1275001	1300000	1.214942576
Chr3	1300001	1325000	1.017682992
Chr3	1325001	1350000	0.136581334
Chr3	1350001	1375000	0.741888054
Chr3	1375001	1400000	0.511617872
Chr3	1400001	1425000	0.213990655
Chr3	1425001	1450000	0.173495776
Chr3	1450001	1475000	0.910673453
Chr3	1475001	1500000	1.811965812
Chr3	1500001	1525000	0.236856638
Chr3	1525001	1550000	0.340685403
Chr3	1550001	1575000	1.894608074
Chr3	1575001	1600000	1.455873402
Chr3	1600001	1625000	1.235878614
Chr3	1625001	1650000	1.927833954
Chr3	1650001	1675000	1.700396344
Chr3	1675001	1700000	0.849654612
Chr3	1700001	1725000	2.777900961
Chr3	1725001	1750000	1.764262767
Chr3	1750001	1775000	2.014421426
Chr3	1775001	1800000	1.567714056
Chr3	1800001	1825000	1.428087546
Chr3	1825001	1850000	0.720545918
Chr3	1850001	1875000	3.609605326
Chr3	1875001	1900000	1.100950332
Chr3	1900001	1925000	3.18267148
Chr3	1925001	1950000	0.494904277
Chr3	1950001	1975000	0.51200758
Chr3	1975001	2000000	1.154468858
Chr3	2000001	2025000	2.921243665
Chr3	2025001	2050000	0.802557272
Chr3	2050001	2075000	0.430470316
Chr3	2075001	2100000	1.754635134
Chr3	2100001	2125000	1.682696177
Chr3	2125001	2150000	1.385200846
Chr3	2150001	2175000	0.765075632
Chr3	2175001	2200000	1.23670167
Chr3	2200001	2225000	1.378505774
Chr3	2225001	2250000	1.389670747
Chr3	2250001	2275000	4.017445962
Chr3	2275001	2300000	0.871079157
Chr3	2300001	2325000	0.583569405
Chr3	2325001	2350000	1.006261439
Chr3	2350001	2375000	1.142809196
Chr3	2375001	2400000	1.342324984
Chr3	2400001	2425000	0.407937753
Chr3	2425001	2450000	1.926425099
Chr3	2450001	2475000	2.55105938
Chr3	2475001	2500000	0.700332769
Chr3	2500001	2525000	2.005834406
Chr3	2525001	2550000	1.213510622
Chr3	2550001	2575000	0.498757249
Chr3	2575001	2600000	1.552075592
Chr3	2600001	2625000	0.652156914
Chr3	2625001	2650000	2.113932208
Chr3	2650001	2675000	2.397999605
Chr3	2675001	2700000	1.092347601
Chr3	2700001	2725000	0.503892662
Chr3	2725001	2750000	0.763980758
Chr3	2750001	2775000	1.425624045
Chr3	2775001	2800000	1.573727422
Chr3	2800001	2825000	0.383243554
Chr3	2825001	2850000	2.489295715
Chr3	2850001	2875000	2.092990701
Chr3	2875001	2900000	0.630694847
Chr3	2900001	2925000	0.6862405
Chr3	2925001	2950000	3.448519912
Chr3	2950001	2975000	0.319826817
Chr3	2975001	3000000	0.0933062
Chr3	3000001	3025000	0.550811176
Chr3	3025001	3050000	0.882957948
Chr3	3050001	3075000	2.297876375
Chr3	3075001	3100000	0.76931203
Chr3	3100001	3125000	0.989094118
Chr3	3125001	3150000	0.70899368
Chr3	3150001	3175000	1.352206866
Chr3	3175001	3200000	0.406660324
Chr3	3200001	3225000	1.192404899
Chr3	3225001	3250000	3.058898037
Chr3	3250001	3275000	1.250046546
Chr3	3275001	3300000	1.24794654
Chr3	3300001	3325000	0.606613455
Chr3	3325001	3350000	0.843550409
Chr3	3350001	3375000	2.246136634
Chr3	3375001	3400000	0.720497898
Chr3	3400001	3425000	0.68285001
Chr3	3425001	3450000	0.592030925
Chr3	3450001	3475000	1.256257449
Chr3	3475001	3500000	0.348847777
Chr3	3500001	3525000	10.00853485
Chr3	3525001	3550000	0.971811578
Chr3	3550001	3575000	0.253615734
Chr3	3575001	3600000	1.077540631
Chr3	3600001	3625000	1.602669564
Chr3	3625001	3650000	2.413394216
Chr3	3650001	3675000	1.784912492
Chr3	3675001	3700000	1.155135992
Chr3	3700001	3725000	1.211929269
Chr3	3725001	3750000	0.593296903
Chr3	3750001	3775000	2.491853911
Chr3	3775001	3800000	0.032591369
Chr3	3800001	3825000	2.482598608
Chr3	3825001	3850000	0.845271586
Chr3	3850001	3875000	2.441967013
Chr3	3875001	3900000	5.136433994
Chr3	3900001	3925000	1.707997853
Chr3	3925001	3950000	0.223124791
Chr3	3950001	3975000	0.626309476
Chr3	3975001	4000000	2.446467218
Chr3	4000001	4025000	2.80185339
Chr3	4025001	4050000	3.136147493
Chr3	4050001	4075000	3.107249719
Chr3	4075001	4100000	0.918823788
Chr3	4100001	4125000	1.936504916
Chr3	4125001	4150000	3.132302796
Chr3	4150001	4175000	0.385954982
Chr3	4175001	4200000	0.056209413
Chr3	4200001	4225000	0.988175284
Chr3	4225001	4250000	2.010847185
Chr3	4250001	4275000	1.363569213
Chr3	4275001	4300000	1.219655412
Chr3	4300001	4325000	1.784861639
Chr3	4325001	4350000	0.561206306
Chr3	4350001	4375000	0.360315984
Chr3	4375001	4400000	1.493734336
Chr3	4400001	4425000	0.529801325
Chr3	4425001	4450000	0.873045191
Chr3	4450001	4475000	1.301557239
Chr3	4475001	4500000	1.92435565
Chr3	4500001	4525000	1.927357513
Chr3	4525001	4550000	0.791257763
Chr3	4550001	4575000	1.658174098
Chr3	4575001	4600000	2.68617466
Chr3	4600001	4625000	0.760447898
Chr3	4625001	4650000	0.556349548
Chr3	4650001	4675000	1.130164766
Chr3	4675001	4700000	0.271300962
Chr3	4700001	4725000	1.190566038
Chr3	4725001	4750000	0.308810094
Chr3	4750001	4775000	1.261902734
Chr3	4775001	4800000	2.701806589
Chr3	4800001	4825000	1.334825223
Chr3	4825001	4850000	2.531510562
Chr3	4850001	4875000	1.510622612
Chr3	4875001	4900000	5.640536723
Chr3	4900001	4925000	2.06071076
Chr3	4925001	4950000	0.930989583
Chr3	4950001	4975000	1.877150276
Chr3	4975001	5000000	2.022795217
Chr3	5000001	5025000	0.811537497
Chr3	5025001	5050000	0.10963712
Chr3	5050001	5075000	1.055366953
Chr3	5075001	5100000	1.451399053
Chr3	5100001	5125000	0.804575571
Chr3	5125001	5150000	0.741453403
Chr3	5150001	5175000	0.12064299
Chr3	5175001	5200000	0.935616326
Chr3	5200001	5225000	1.079429078
Chr3	5225001	5250000	1.802418668
Chr3	5250001	5275000	2.228637902
Chr3	5275001	5300000	4.448077773
Chr3	5300001	5325000	0.581919936
Chr3	5325001	5350000	1.267955626
Chr3	5350001	5375000	0.331428571
Chr3	5375001	5400000	0.006097561
Chr3	5400001	5425000	1.064876957
Chr3	5425001	5450000	2.02146107
Chr3	5450001	5475000	2.61192042
Chr3	5475001	5500000	0.521050089
Chr3	5500001	5525000	1.868427184
Chr3	5525001	5550000	0.239068803
Chr3	5550001	5575000	0.571378604
Chr3	5575001	5600000	0.878221523
Chr3	5600001	5625000	0.634518347
Chr3	5625001	5650000	1.473625441
Chr3	5650001	5675000	1.050558863
Chr3	5675001	5700000	0.748453118
Chr3	5700001	5725000	0.70852585
Chr3	5725001	5750000	0.849006815
Chr3	5750001	5775000	2.107926294
Chr3	5775001	5800000	4.239680913
Chr3	5800001	5825000	1.576907908
Chr3	5825001	5850000	1.197452229
Chr3	5850001	5875000	3.433180311
Chr3	5875001	5900000	0.727852864
Chr3	5900001	5925000	0.625395883
Chr3	5925001	5950000	0.931508156
Chr3	5950001	5975000	2.360618895
Chr3	5975001	6000000	0.9349642
Chr3	6000001	6025000	1.480070547
Chr3	6025001	6050000	1.060682767
Chr3	6050001	6075000	0.43765248
Chr3	6075001	6100000	1.042680324
Chr3	6100001	6125000	1.285528031
Chr3	6125001	6150000	1.304997128
Chr3	6150001	6175000	5.97692953
Chr3	6175001	6200000	1.160894001
Chr3	6200001	6225000	0.70831265
Chr3	6225001	6250000	0.941003213
Chr3	6250001	6275000	0.939690302
Chr3	6275001	6300000	0.381176471
Chr3	6300001	6325000	4.514285714
Chr3	6325001	6350000	2.358239509
Chr3	6350001	6375000	0.612115822
Chr3	6375001	6400000	5.144089733
Chr3	6400001	6425000	1.16216891
Chr3	6425001	6450000	1.338450443
Chr3	6450001	6475000	8.696969697
Chr3	6475001	6500000	2.294487793
Chr3	6500001	6525000	5.912778905
Chr3	6525001	6550000	1.477740367
Chr3	6550001	6575000	1.007307172
Chr3	6575001	6600000	1.214358974
Chr3	6600001	6625000	0.553571429
Chr3	6625001	6650000	31.87254902
Chr3	6650001	6675000	0.163635535
Chr3	6675001	6700000	0.078599108
Chr3	6700001	6725000	0.555555556
Chr3	6725001	6750000	4.244991941
Chr3	6750001	6775000	1.203407881
Chr3	6775001	6800000	0.213529388
Chr3	6800001	6825000	0.945039258
Chr3	6825001	6850000	7.375866852
Chr3	6850001	6875000	3.280089989
Chr3	6875001	6900000	0.480333279
Chr3	6900001	6925000	0.937933936
Chr3	6925001	6950000	1.428341816
Chr3	6950001	6975000	0.434971098
Chr3	6975001	7000000	0.304627729
Chr3	7000001	7025000	1.623318386
Chr3	7025001	7050000	0.186379928
Chr3	7050001	7075000	0.05145872
Chr3	7075001	7100000	4.105691057
Chr3	7100001	7125000	0.175754169
Chr3	7125001	7150000	0.851022395
Chr3	7150001	7175000	0.48531593
Chr3	7175001	7200000	1.880761523
Chr3	7200001	7225000	28.14872192
Chr3	7225001	7250000	4.305020763
Chr3	7250001	7275000	1.476547842
Chr3	7275001	7300000	1.252063016
Chr3	7300001	7325000	0.118754526
Chr3	7325001	7350000	9.783018868
Chr3	7350001	7375000	3.025341131
Chr3	7375001	7400000	55.11144578
Chr3	7400001	7425000	0.212889813
Chr3	7425001	7450000	0.289180991
Chr3	7450001	7475000	10.19211823
Chr3	7475001	7500000	0.847540984
Chr3	7500001	7525000	1.565725414
Chr3	7525001	7550000	3.990759076
Chr3	7550001	7575000	14.74871795
Chr3	7575001	7600000	6.232938292
Chr3	7600001	7625000	40.5494186
Chr3	7625001	7650000	0.797120207
Chr3	7650001	7675000	0.723340129
Chr3	7675001	7700000	5.749103943
Chr3	7700001	7725000	35.96899225
Chr3	7725001	7750000	7.042016807
Chr3	7750001	7775000	0.389269406
Chr3	7775001	7800000	2896
Chr4	1	25000	1.58847981
Chr4	25001	50000	0.772020725
Chr4	50001	75000	5.24822695
Chr4	75001	100000	26.74534161
Chr4	100001	125000	31.79176755
Chr4	125001	150000	10.6744186
Chr4	150001	175000	0.135454262
Chr4	175001	200000	0.827227786
Chr4	200001	225000	0.827772768
Chr4	225001	250000	0.52178109
Chr4	250001	275000	0.962492558
Chr4	275001	300000	0.481941583
Chr4	300001	325000	2.78248974
Chr4	325001	350000	1.265274829
Chr4	350001	375000	1.178029942
Chr4	375001	400000	1.470031546
Chr4	400001	425000	0.883343355
Chr4	425001	450000	0.307163796
Chr4	450001	475000	0.845632922
Chr4	475001	500000	1.864156111
Chr4	500001	525000	3.420236563
Chr4	525001	550000	1.120293848
Chr4	550001	575000	0.25293571
Chr4	575001	600000	1.493118496
Chr4	600001	625000	1.101921865
Chr4	625001	650000	1.653374233
Chr4	650001	675000	0.568197803
Chr4	675001	700000	0.938037249
Chr4	700001	725000	1.246615017
Chr4	725001	750000	1.959524574
Chr4	750001	775000	6.114934006
Chr4	775001	800000	0.534277836
Chr4	800001	825000	3.173053748
Chr4	825001	850000	0.153900549
Chr4	850001	875000	1.096129575
Chr4	875001	900000	0.103862859
Chr4	900001	925000	2.149312708
Chr4	925001	950000	0.471665548
Chr4	950001	975000	0.559781441
Chr4	975001	1000000	0.703600818
Chr4	1000001	1025000	0.454526182
Chr4	1025001	1050000	0.32000211
Chr4	1050001	1075000	1.409209145
Chr4	1075001	1100000	1.897091723
Chr4	1100001	1125000	4.062511325
Chr4	1125001	1150000	0.880660415
Chr4	1150001	1175000	1.51752544
Chr4	1175001	1200000	1.12992126
Chr4	1200001	1225000	2.773314541
Chr4	1225001	1250000	2.135443038
Chr4	1250001	1275000	1.166242775
Chr4	1275001	1300000	2.004583652
Chr4	1300001	1325000	1.218194741
Chr4	1325001	1350000	1.716703297
Chr4	1350001	1375000	1.000401678
Chr4	1375001	1400000	0.123000869
Chr4	1400001	1425000	0.688379605
Chr4	1425001	1450000	1.661266139
Chr4	1450001	1475000	2.048550423
Chr4	1475001	1500000	1.277821164
Chr4	1500001	1525000	0.72256813
Chr4	1525001	1550000	0.947001238
Chr4	1550001	1575000	0.485660681
Chr4	1575001	1600000	0.217315107
Chr4	1600001	1625000	2.284489329
Chr4	1625001	1650000	1.221288515
Chr4	1650001	1675000	1.246640827
Chr4	1675001	1700000	1.380310085
Chr4	1700001	1725000	5.181915903
Chr4	1725001	1750000	3.002985788
Chr4	1750001	1775000	0.549023747
Chr4	1775001	1800000	0.824702261
Chr4	1800001	1825000	1.952041221
Chr4	1825001	1850000	1.455424653
Chr4	1850001	1875000	1.544926484
Chr4	1875001	1900000	1.200104425
Chr4	1900001	1925000	1.320372334
Chr4	1925001	1950000	2.781316348
Chr4	1950001	1975000	0.947871416
Chr4	1975001	2000000	0.989371642
Chr4	2000001	2025000	1.141777212
Chr4	2025001	2050000	1.422737381
Chr4	2050001	2075000	2.483444907
Chr4	2075001	2100000	0.65545712
Chr4	2100001	2125000	0.401412514
Chr4	2125001	2150000	4.079600387
Chr4	2150001	2175000	1.208267091
Chr4	2175001	2200000	0.401791322
Chr4	2200001	2225000	0.63856456
Chr4	2225001	2250000	0.396154209
Chr4	2250001	2275000	2.000537259
Chr4	2275001	2300000	1.200895355
Chr4	2300001	2325000	1.73932424
Chr4	2325001	2350000	0.849817771
Chr4	2350001	2375000	1.286109191
Chr4	2375001	2400000	0.814888535
Chr4	2400001	2425000	0.233149627
Chr4	2425001	2450000	0.98205141
Chr4	2450001	2475000	0.255051141
Chr4	2475001	2500000	1.525717827
Chr4	2500001	2525000	2.445716581
Chr4	2525001	2550000	3.905127228
Chr4	2550001	2575000	1.929847353
Chr4	2575001	2600000	0.338541402
Chr4	2600001	2625000	1.547908473
Chr4	2625001	2650000	1.598290598
Chr4	2650001	2675000	4.365561461
Chr4	2675001	2700000	1.262859109
Chr4	2700001	2725000	1.443524746
Chr4	2725001	2750000	0.451910921
Chr4	2750001	2775000	1.467919637
Chr4	2775001	2800000	1.015838537
Chr4	2800001	2825000	2.579150579
Chr4	2825001	2850000	0.634282964
Chr4	2850001	2875000	1.637406512
Chr4	2875001	2900000	2.176396553
Chr4	2900001	2925000	1.202031603
Chr4	2925001	2950000	1.060391363
Chr4	2950001	2975000	1.125920646
Chr4	2975001	3000000	0.61416524
Chr4	3000001	3025000	1.52195122
Chr4	3025001	3050000	4.638195547
Chr4	3050001	3075000	2.030636109
Chr4	3075001	3100000	0.764172904
Chr4	3100001	3125000	1.247861919
Chr4	3125001	3150000	0.812675117
Chr4	3150001	3175000	1.2177308
Chr4	3175001	3200000	2.311010798
Chr4	3200001	3225000	1.213086892
Chr4	3225001	3250000	0.984864445
Chr4	3250001	3275000	0.900564972
Chr4	3275001	3300000	0.583572803
Chr4	3300001	3325000	0.590374564
Chr4	3325001	3350000	4.818944425
Chr4	3350001	3375000	2.024783348
Chr4	3375001	3400000	4.60478933
Chr4	3400001	3425000	4.216714583
Chr4	3425001	3450000	1.121312016
Chr4	3450001	3475000	0.95466821
Chr4	3475001	3500000	1.289236243
Chr4	3500001	3525000	1.130150173
Chr4	3525001	3550000	1.681758596
Chr4	3550001	3575000	0.445441602
Chr4	3575001	3600000	1.281099325
Chr4	3600001	3625000	2.020862834
Chr4	3625001	3650000	4.050195465
Chr4	3650001	3675000	0.103945057
Chr4	3675001	3700000	0.91956346
Chr4	3700001	3725000	1.150241409
Chr4	3725001	3750000	1.650323544
Chr4	3750001	3775000	0.40566002
Chr4	3775001	3800000	0.218274472
Chr4	3800001	3825000	1.641817909
Chr4	3825001	3850000	3.453748006
Chr4	3850001	3875000	1.171727162
Chr4	3875001	3900000	0.805306204
Chr4	3900001	3925000	1.598692625
Chr4	3925001	3950000	0.347741111
Chr4	3950001	3975000	6.72801951
Chr4	3975001	4000000	0.985301091
Chr4	4000001	4025000	0.243357233
Chr4	4025001	4050000	4.508130081
Chr4	4050001	4075000	0.954645208
Chr4	4075001	4100000	58.75594714
Chr4	4100001	4125000	0.509571092
Chr4	4125001	4150000	4.217009994
Chr4	4150001	4175000	0.247408161
Chr4	4175001	4200000	0.441455268
Chr4	4200001	4225000	0.660553824
Chr4	4225001	4250000	1.796784279
Chr4	4250001	4275000	1.389866291
Chr4	4275001	4300000	0.627056673
Chr4	4300001	4325000	0.599303136
Chr4	4325001	4350000	0.241164241
Chr4	4350001	4375000	52.56279962
Chr4	4375001	4400000	1.427903352
Chr4	4400001	4425000	2.076923077
Chr4	4425001	4450000	2.337860781
Chr4	4450001	4475000	4.06463642
Chr4	4475001	4500000	0.887535145
Chr4	4500001	4525000	3.987129987
Chr4	4525001	4550000	2.873469388
Chr4	4550001	4575000	69.79452055
Chr4	4575001	4600000	0.212397148
Chr4	4600001	4625000	0.401432264
Chr4	4625001	4650000	0.216580443
Chr4	4650001	4675000	0.247896803
Chr4	4675001	4700000	0.504187367
Chr4	4700001	4725000	3.839949205
Chr4	4725001	4750000	0.719576221
Chr4	4750001	4775000	0.510405741
Chr4	4775001	4800000	0.322916667
Chr4	4800001	4825000	2.397568519
Chr4	4825001	4850000	21.1946447
Chr4	4850001	4875000	0.145066502
Chr4	4875001	4900000	0.14007504
Chr4	4900001	4925000	0.66239051
Chr4	4925001	4950000	1.597860082
Chr4	4950001	4975000	1.274557081
Chr4	4975001	5000000	1.422438697
Chr4	5000001	5025000	1.967658328
Chr4	5025001	5050000	0.946858231
Chr4	5050001	5075000	0.0125
Chr4	5075001	5100000	0.166666667
Chr4	5100001	5125000	1.011493751
Chr4	5125001	5150000	1.365337673
Chr4	5150001	5175000	0.903330531
Chr4	5175001	5200000	0.43778657
Chr4	5200001	5225000	0.979002732
Chr4	5225001	5250000	2.44709643
Chr4	5250001	5275000	1.063706912
Chr4	5275001	5300000	0.750825793
Chr4	5300001	5325000	0.532683376
Chr4	5325001	5350000	0.62922354
Chr4	5350001	5375000	2.000816077
Chr4	5375001	5400000	1.716488925
Chr4	5400001	5425000	1.327248242
Chr4	5425001	5450000	1.385329288
Chr4	5450001	5475000	1.12975596
Chr4	5475001	5500000	7.375389782
Chr4	5500001	5525000	1.081054551
Chr4	5525001	5550000	0.444167984
Chr4	5550001	5575000	0.739249316
Chr4	5575001	5600000	0.987924049
Chr4	5600001	5625000	0.43902439
Chr4	5625001	5650000	0.979112884
Chr4	5650001	5675000	0.368448849
Chr4	5675001	5700000	2.547960364
Chr4	5700001	5725000	1.853419256
Chr4	5725001	5750000	0.596753872
Chr4	5750001	5775000	1.087204406
Chr4	5775001	5800000	1.458028925
Chr4	5800001	5825000	1.551861944
Chr4	5825001	5850000	0.972334512
Chr4	5850001	5875000	2.262358862
Chr4	5875001	5900000	1.329002849
Chr4	5900001	5925000	1.411937019
Chr4	5925001	5950000	0.270366136
Chr4	5950001	5975000	1.167126388
Chr4	5975001	6000000	1.040628657
Chr4	6000001	6025000	0.836511339
Chr4	6025001	6050000	0.814453448
Chr4	6050001	6075000	2.607293903
Chr4	6075001	6100000	2.153527544
Chr4	6100001	6125000	1.348991658
Chr4	6125001	6150000	0.454432641
Chr4	6150001	6175000	1.25016663
Chr4	6175001	6200000	0.376010277
Chr4	6200001	6225000	1.817822062
Chr4	6225001	6250000	0.286721364
Chr4	6250001	6275000	0.545538497
Chr4	6275001	6300000	0.812919669
Chr4	6300001	6325000	1.087850018
Chr4	6325001	6350000	1.06906374
Chr4	6350001	6375000	1.011513732
Chr4	6375001	6400000	1.738470128
Chr4	6400001	6425000	4.876548079
Chr4	6425001	6450000	4.887767121
Chr4	6450001	6475000	0.752800924
Chr4	6475001	6500000	1.44570205
Chr4	6500001	6525000	2.59275266
Chr4	6525001	6550000	0.255787037
Chr4	6550001	6575000	1.523193449
Chr4	6575001	6600000	0.947211031
Chr4	6600001	6625000	1.392320917
Chr4	6625001	6650000	0.497835934
Chr4	6650001	6675000	0.772738662
Chr4	6675001	6700000	0.701075104
Chr4	6700001	6725000	1.783124005
Chr4	6725001	6750000	2.407560728
Chr4	6750001	6775000	0.102966436
Chr4	6775001	6800000	1.529273379
Chr4	6800001	6825000	1.177136766
Chr4	6825001	6850000	0.147718829
Chr4	6850001	6875000	0.470453086
Chr4	6875001	6900000	0.227066667
Chr4	6900001	6925000	0.490355805
Chr4	6925001	6950000	2.11158377
Chr4	6950001	6975000	0.697359325
Chr4	6975001	7000000	0.590988882
Chr4	7000001	7025000	1.405320541
Chr4	7025001	7050000	0.52761671
Chr4	7050001	7075000	1.206005138
Chr4	7075001	7100000	0.582966348
Chr4	7100001	7125000	0.526033407
Chr4	7125001	7150000	1.995245104
Chr4	7150001	7175000	0.927068255
Chr4	7175001	7200000	1.233327589
Chr4	7200001	7225000	2.036967419
Chr4	7225001	7250000	1.047463408
Chr4	7250001	7275000	1.001375667
Chr4	7275001	7300000	0.165296515
Chr4	7300001	7325000	0.421385119
Chr4	7325001	7350000	1.581738529
Chr4	7350001	7375000	0.204051887
Chr4	7375001	7400000	0.583390154
Chr4	7400001	7425000	0.73316747
Chr4	7425001	7450000	0.104691633
Chr4	7450001	7475000	0.563505269
Chr4	7475001	7500000	0.925555914
Chr4	7500001	7525000	0.777998675
Chr4	7525001	7550000	0.880677444
Chr4	7550001	7575000	1.24516129
Chr4	7575001	7600000	1.12123494
Chr4	7600001	7625000	1.888187556
Chr4	7625001	7650000	0.490451036
Chr4	7650001	7675000	50.27992048
Chr4	7675001	7700000	0.896134631
Chr4	7700001	7725000	4.442748092
Chr4	7725001	7750000	1.565194601
Chr4	7750001	7775000	4.594095941
Chr4	7775001	7800000	0.650199675
Chr4	7800001	7825000	1.233217623
Chr4	7825001	7850000	1.024938359
Chr4	7850001	7875000	1.3983103
Chr4	7875001	7900000	1.028123206
Chr4	7900001	7925000	1.122974147
Chr4	7925001	7950000	1.158679446
Chr4	7950001	7975000	2.487280771
Chr4	7975001	8000000	1.372124091
Chr4	8000001	8025000	0.753832281
Chr4	8025001	8050000	1
Chr4	8050001	8075000	1
Chr4	8075001	8100000	1
Chr4	8100001	8125000	1
Chr4	8125001	8150000	1
Chr4	8150001	8175000	1
Chr4	8175001	8200000	1
Chr4	8200001	8225000	1
Chr4	8225001	8250000	1
Chr4	8250001	8275000	1
Chr4	8275001	8300000	1
Chr4	8300001	8325000	1
Chr4	8325001	8350000	1
Chr4	8350001	8375000	1
Chr4	8375001	8400000	1
Chr4	8400001	8425000	1
Chr4	8425001	8450000	1
Chr4	8450001	8475000	1
Chr4	8475001	8500000	1
Chr4	8500001	8525000	1
Chr4	8525001	8550000	1
Chr4	8550001	8575000	1
Chr4	8575001	8600000	1
Chr4	8600001	8625000	1
Chr4	8625001	8650000	1
Chr4	8650001	8675000	1
Chr4	8675001	8700000	1
Chr4	8700001	8725000	1
Chr4	8725001	8750000	1
Chr4	8750001	8775000	1
Chr4	8775001	8800000	1
Chr4	8800001	8825000	1
Chr4	8825001	8850000	1
Chr4	8850001	8875000	1
Chr4	8875001	8900000	1
Chr4	8900001	8925000	1
Chr4	8925001	8950000	1
Chr4	8950001	8975000	1
Chr4	8975001	9000000	1
Chr4	9000001	9025000	1
Chr4	9025001	9050000	1
Chr4	9050001	9075000	1
Chr4	9075001	9100000	1
Chr4	9100001	9125000	1
Chr4	9125001	9150000	1
Chr4	9150001	9175000	1
Chr4	9175001	9200000	1
Chr4	9200001	9225000	1
Chr4	9225001	9250000	1
Chr4	9250001	9275000	1
Chr4	9275001	9300000	1
Chr4	9300001	9325000	1
Chr4	9325001	9350000	1
Chr4	9350001	9375000	1
Chr4	9375001	9400000	1.625
Chr4	9400001	9425000	0.545454545