Chr1	1	25000	1.17954942
Chr1	25001	50000	0.845671854
Chr1	50001	75000	4.714719231
Chr1	75001	100000	3.218961516
Chr1	100001	125000	0.069540933
Chr1	125001	150000	0.783682093
Chr1	150001	175000	1.068104446
Chr1	175001	200000	0.981852653
Chr1	200001	225000	3.492032191
Chr1	225001	250000	0.931396186
Chr1	250001	275000	2.806308353
Chr1	275001	300000	0.872404996
Chr1	300001	325000	1.326044203
Chr1	325001	350000	6.40471297
Chr1	350001	375000	2.323053296
Chr1	375001	400000	3.187100145
Chr1	400001	425000	-3.049086651
Chr1	425001	450000	1.26598169
Chr1	450001	475000	0.20249984
Chr1	475001	500000	-1.621096287
Chr1	500001	525000	2.76507997
Chr1	525001	550000	0.560623673
Chr1	550001	575000	1.108952474
Chr1	575001	600000	1.593361681
Chr1	600001	625000	0.626090688
Chr1	625001	650000	0.636958861
Chr1	650001	675000	-0.645794645
Chr1	675001	700000	-0.063511454
Chr1	700001	725000	0.553018251
Chr1	725001	750000	3.028918793
Chr1	750001	775000	-0.934287574
Chr1	775001	800000	-0.683017728
Chr1	800001	825000	-1.204086266
Chr1	825001	850000	0.500619665
Chr1	850001	875000	-0.844450021
Chr1	875001	900000	-1.616068754
Chr1	900001	925000	-0.182457727
Chr1	925001	950000	0.491849583
Chr1	950001	975000	0.697062685
Chr1	975001	1000000	0.329810386
Chr1	1000001	1025000	1.05282074
Chr1	1025001	1050000	0.906607658
Chr1	1050001	1075000	-1.942995654
Chr1	1075001	1100000	-1.030834185
Chr1	1100001	1125000	0.970868823
Chr1	1125001	1150000	0.837663677
Chr1	1150001	1175000	0.522224296
Chr1	1175001	1200000	-0.839157856
Chr1	1200001	1225000	0.494136941
Chr1	1225001	1250000	0.086284011
Chr1	1250001	1275000	1.170899096
Chr1	1275001	1300000	0.310930686
Chr1	1300001	1325000	-0.470043643
Chr1	1325001	1350000	-0.232028097
Chr1	1350001	1375000	1.219228384
Chr1	1375001	1400000	-1.508099678
Chr1	1400001	1425000	-2.377915356
Chr1	1425001	1450000	-0.946294294
Chr1	1450001	1475000	-1.084963461
Chr1	1475001	1500000	-0.036508758
Chr1	1500001	1525000	1.289506617
Chr1	1525001	1550000	-4.34228195
Chr1	1550001	1575000	0.497081545
Chr1	1575001	1600000	0.274434587
Chr1	1600001	1625000	0.069568074
Chr1	1625001	1650000	-0.274210961
Chr1	1650001	1675000	0.248223594
Chr1	1675001	1700000	0.168403218
Chr1	1700001	1725000	-2.075668106
Chr1	1725001	1750000	-0.039005847
Chr1	1750001	1775000	1.076202337
Chr1	1775001	1800000	1.491330172
Chr1	1800001	1825000	0.265525109
Chr1	1825001	1850000	0.911136696
Chr1	1850001	1875000	-1.991772051
Chr1	1875001	1900000	-0.226792341
Chr1	1900001	1925000	-1.630654036
Chr1	1925001	1950000	0.29152535
Chr1	1950001	1975000	-0.090127865
Chr1	1975001	2000000	0.220255947
Chr1	2000001	2025000	2.244172765
Chr1	2025001	2050000	1.386580692
Chr1	2050001	2075000	0.987708528
Chr1	2075001	2100000	-0.005373172
Chr1	2100001	2125000	0.787543549
Chr1	2125001	2150000	-0.359844028
Chr1	2150001	2175000	2.143383214
Chr1	2175001	2200000	0.230089359
Chr1	2200001	2225000	0.150864089
Chr1	2225001	2250000	-1.822170614
Chr1	2250001	2275000	-1.33914019
Chr1	2275001	2300000	-1.169125195
Chr1	2300001	2325000	0.470818502
Chr1	2325001	2350000	-1.494123708
Chr1	2350001	2375000	-1.287980763
Chr1	2375001	2400000	0.719935269
Chr1	2400001	2425000	-0.020156999
Chr1	2425001	2450000	0.139688283
Chr1	2450001	2475000	0.324669551
Chr1	2475001	2500000	-1.95752241
Chr1	2500001	2525000	-2.804581489
Chr1	2525001	2550000	1.035605592
Chr1	2550001	2575000	-3.367110691
Chr1	2575001	2600000	2.083395739
Chr1	2600001	2625000	-1.204168242
Chr1	2625001	2650000	-0.034129553
Chr1	2650001	2675000	-0.587926588
Chr1	2675001	2700000	0.937184876
Chr1	2700001	2725000	0.662247715
Chr1	2725001	2750000	-0.307864119
Chr1	2750001	2775000	1.298085131
Chr1	2775001	2800000	-1.23618375
Chr1	2800001	2825000	-2.307875901
Chr1	2825001	2850000	0.527871013
Chr1	2850001	2875000	0.890152819
Chr1	2875001	2900000	-1.438599132
Chr1	2900001	2925000	-0.913135498
Chr1	2925001	2950000	-0.286156964
Chr1	2950001	2975000	-0.051544041
Chr1	2975001	3000000	0.525176464
Chr1	3000001	3025000	0.531834054
Chr1	3025001	3050000	2.126339575
Chr1	3050001	3075000	1.021743931
Chr1	3075001	3100000	-0.610550741
Chr1	3100001	3125000	-0.807913349
Chr1	3125001	3150000	-1.6193145
Chr1	3150001	3175000	1.663650038
Chr1	3175001	3200000	0.514305652
Chr1	3200001	3225000	-0.758928232
Chr1	3225001	3250000	0.702569703
Chr1	3250001	3275000	-3.178361172
Chr1	3275001	3300000	0.555017243
Chr1	3300001	3325000	0.673347586
Chr1	3325001	3350000	1.743479749
Chr1	3350001	3375000	0.027619787
Chr1	3375001	3400000	-0.001668338
Chr1	3400001	3425000	-0.314010719
Chr1	3425001	3450000	-0.159935269
Chr1	3450001	3475000	-1.673375797
Chr1	3475001	3500000	-0.577564931
Chr1	3500001	3525000	-2.855225159
Chr1	3525001	3550000	-0.643027337
Chr1	3550001	3575000	1.213029136
Chr1	3575001	3600000	1.690107104
Chr1	3600001	3625000	0.05688782
Chr1	3625001	3650000	1.069253544
Chr1	3650001	3675000	0.688617171
Chr1	3675001	3700000	-0.244600276
Chr1	3700001	3725000	1.250704702
Chr1	3725001	3750000	-1.150044842
Chr1	3750001	3775000	1.454167527
Chr1	3775001	3800000	1.428803371
Chr1	3800001	3825000	-0.61601797
Chr1	3825001	3850000	-0.469973508
Chr1	3850001	3875000	-0.212809494
Chr1	3875001	3900000	-1.316099318
Chr1	3900001	3925000	-0.982546979
Chr1	3925001	3950000	0.856734614
Chr1	3950001	3975000	-0.192172992
Chr1	3975001	4000000	0.14369346
Chr1	4000001	4025000	0.787653008
Chr1	4025001	4050000	0.981492208
Chr1	4050001	4075000	0.703487038
Chr1	4075001	4100000	1.084709205
Chr1	4100001	4125000	0.271841627
Chr1	4125001	4150000	-1.590049746
Chr1	4150001	4175000	1.710649612
Chr1	4175001	4200000	0.99589268
Chr1	4200001	4225000	0.600519933
Chr1	4225001	4250000	-0.717580705
Chr1	4250001	4275000	-0.005518924
Chr1	4275001	4300000	-2.492949672
Chr1	4300001	4325000	-0.915036939
Chr1	4325001	4350000	0.186743179
Chr1	4350001	4375000	1.218123718
Chr1	4375001	4400000	-0.211951004
Chr1	4400001	4425000	1.645680531
Chr1	4425001	4450000	-2.279206339
Chr1	4450001	4475000	0.820292317
Chr1	4475001	4500000	-0.257765885
Chr1	4500001	4525000	0.144659994
Chr1	4525001	4550000	0.447699015
Chr1	4550001	4575000	0.109804995
Chr1	4575001	4600000	0.851224349
Chr1	4600001	4625000	0.730507034
Chr1	4625001	4650000	0.649534586
Chr1	4650001	4675000	0.122229583
Chr1	4675001	4700000	0.793274825
Chr1	4700001	4725000	-0.190583012
Chr1	4725001	4750000	-2.650613866
Chr1	4750001	4775000	1.223384345
Chr1	4775001	4800000	-0.50714912
Chr1	4800001	4825000	-1.315400956
Chr1	4825001	4850000	-1.921774833
Chr1	4850001	4875000	1.037645196
Chr1	4875001	4900000	-0.173752353
Chr1	4900001	4925000	0.604378007
Chr1	4925001	4950000	0.663469554
Chr1	4950001	4975000	-1.688752085
Chr1	4975001	5000000	1.851379131
Chr1	5000001	5025000	2.894122949
Chr1	5025001	5050000	0.214775172
Chr1	5050001	5075000	0.025223335
Chr1	5075001	5100000	1.125175791
Chr1	5100001	5125000	0.17704284
Chr1	5125001	5150000	-1.677830509
Chr1	5150001	5175000	0.557899656
Chr1	5175001	5200000	0.868806857
Chr1	5200001	5225000	-0.201978678
Chr1	5225001	5250000	-0.346020812
Chr1	5250001	5275000	-3.492044079
Chr1	5275001	5300000	0.168447965
Chr1	5300001	5325000	1.565186678
Chr1	5325001	5350000	0.507360709
Chr1	5350001	5375000	0.006560248
Chr1	5375001	5400000	0.272664755
Chr1	5400001	5425000	0.871455261
Chr1	5425001	5450000	0.604071324
Chr1	5450001	5475000	-1.019188392
Chr1	5475001	5500000	-0.6803353
Chr1	5500001	5525000	0.38857624
Chr1	5525001	5550000	-0.1473277
Chr1	5550001	5575000	-2.257674356
Chr1	5575001	5600000	-2.818850561
Chr1	5600001	5625000	-0.710432451
Chr1	5625001	5650000	-0.383810161
Chr1	5650001	5675000	-2.595443985
Chr1	5675001	5700000	1.893882968
Chr1	5700001	5725000	0.296630375
Chr1	5725001	5750000	-3.136228339
Chr1	5750001	5775000	-1.586314394
Chr1	5775001	5800000	0.771605273
Chr1	5800001	5825000	4.910552426
Chr1	5825001	5850000	0.287861156
Chr1	5850001	5875000	-0.223036338
Chr1	5875001	5900000	-2.723473358
Chr1	5900001	5925000	-0.20181584
Chr1	5925001	5950000	3.227620936
Chr1	5950001	5975000	1.656298083
Chr1	5975001	6000000	3.03158176
Chr1	6000001	6025000	-2.988183388
Chr1	6025001	6050000	-1.695972965
Chr1	6050001	6075000	-1.381449431
Chr1	6075001	6100000	-1.50223019
Chr1	6100001	6125000	1.066842066
Chr1	6125001	6150000	-0.838571005
Chr1	6150001	6175000	1.048228011
Chr1	6175001	6200000	-1.657570222
Chr1	6200001	6225000	0.103763227
Chr1	6225001	6250000	0.363258782
Chr1	6250001	6275000	0.558405948
Chr1	6275001	6300000	0.390699886
Chr1	6300001	6325000	0.753092212
Chr1	6325001	6350000	0.509008088
Chr1	6350001	6375000	0.276812003
Chr1	6375001	6400000	0.807252752
Chr1	6400001	6425000	-2.042549485
Chr1	6425001	6450000	1.246198328
Chr1	6450001	6475000	1.574299995
Chr1	6475001	6500000	-1.979061823
Chr1	6500001	6525000	0.110758019
Chr1	6525001	6550000	-0.046931901
Chr1	6550001	6575000	0.230364744
Chr1	6575001	6600000	-3.449671632
Chr1	6600001	6625000	-0.725357214
Chr1	6625001	6650000	0.106609235
Chr1	6650001	6675000	-0.083647849
Chr1	6675001	6700000	0.341842913
Chr1	6700001	6725000	-2.126906226
Chr1	6725001	6750000	-0.553798868
Chr1	6750001	6775000	-2.961165865
Chr1	6775001	6800000	0.924923884
Chr1	6800001	6825000	-0.902487419
Chr1	6825001	6850000	-1.413674242
Chr1	6850001	6875000	-1.99975661
Chr1	6875001	6900000	1.173684125
Chr1	6900001	6925000	1.976394104
Chr1	6925001	6950000	3.999265243
Chr1	6950001	6975000	-3.261614055
Chr1	6975001	7000000	-0.816643277
Chr1	7000001	7025000	-1.191594633
Chr1	7025001	7050000	-1.256236037
Chr1	7050001	7075000	1.717316045
Chr1	7075001	7100000	-0.328739191
Chr1	7100001	7125000	0.960316299
Chr1	7125001	7150000	-0.062858533
Chr1	7150001	7175000	0.696179979
Chr1	7175001	7200000	1.478077201
Chr1	7200001	7225000	-2.335287672
Chr1	7225001	7250000	2.118902743
Chr1	7250001	7275000	-0.858226039
Chr1	7275001	7300000	1.26331484
Chr1	7300001	7325000	-3.548701648
Chr1	7325001	7350000	-1.30605506
Chr1	7350001	7375000	0.145703105
Chr1	7375001	7400000	-1.64196908
Chr1	7400001	7425000	-0.449674036
Chr1	7425001	7450000	1.971387261
Chr1	7450001	7475000	-0.834240473
Chr1	7475001	7500000	6.962896005
Chr1	7500001	7525000	-1.240469706
Chr1	7525001	7550000	-1.350497247
Chr1	7550001	7575000	3.442155901
Chr1	7575001	7600000	1.067246402
Chr1	7600001	7625000	1.601572262
Chr1	7625001	7650000	1.292781749
Chr1	7650001	7675000	-0.972429598
Chr1	7675001	7700000	1.953127817
Chr1	7700001	7725000	2.407489494
Chr1	7725001	7750000	-2.736843327
Chr1	7750001	7775000	-1.539063246
Chr1	7775001	7800000	-0.200246537
Chr1	7800001	7825000	-0.107090091
Chr1	7825001	7850000	2.408376457
Chr1	7850001	7875000	-0.251815134
Chr1	7875001	7900000	-0.634997924
Chr1	7900001	7925000	0.88044818
Chr1	7925001	7950000	0.496504174
Chr1	7950001	7975000	0.335483035
Chr1	7975001	8000000	0.137824158
Chr1	8000001	8025000	-1.882670895
Chr1	8025001	8050000	0.980945558
Chr1	8050001	8075000	-0.223789719
Chr1	8075001	8100000	-2.955467952
Chr1	8100001	8125000	-0.303688493
Chr1	8125001	8150000	-0.455560471
Chr1	8150001	8175000	0.862442371
Chr1	8175001	8200000	2.252286108
Chr1	8200001	8225000	-0.304264653
Chr1	8225001	8250000	-0.132529227
Chr1	8250001	8275000	0.304964645
Chr1	8275001	8300000	-4.555998552
Chr1	8300001	8325000	-1.215005694
Chr1	8325001	8350000	-1.229700932
Chr1	8350001	8375000	-0.238771591
Chr1	8375001	8400000	1.053030757
Chr1	8400001	8425000	-0.033409422
Chr1	8425001	8450000	1.535777797
Chr1	8450001	8475000	2.576041213
Chr1	8475001	8500000	-0.191882616
Chr1	8500001	8525000	0.917288256
Chr1	8525001	8550000	0.14444864
Chr1	8550001	8575000	0.437266449
Chr1	8575001	8600000	1.215012007
Chr1	8600001	8625000	0.459590431
Chr1	8625001	8650000	-0.665043107
Chr1	8650001	8675000	0.723504152
Chr1	8675001	8700000	-0.22719773
Chr1	8700001	8725000	-0.075257317
Chr1	8725001	8750000	-0.454826817
Chr1	8750001	8775000	-2.498258151
Chr1	8775001	8800000	-0.19824922
Chr1	8800001	8825000	0.412122188
Chr1	8825001	8850000	-1.059307306
Chr1	8850001	8875000	1.00113027
Chr1	8875001	8900000	2.237868209
Chr1	8900001	8925000	-0.932822731
Chr1	8925001	8950000	-0.572305507
Chr1	8950001	8975000	1.542745629
Chr1	8975001	9000000	-0.736965594
Chr1	9000001	9025000	0.79243893
Chr1	9025001	9050000	1.991337919
Chr1	9050001	9075000	1.644266037
Chr1	9075001	9100000	2.719683888
Chr1	9100001	9125000	-0.536996788
Chr1	9125001	9150000	1.460651053
Chr1	9150001	9175000	-2.043937333
Chr1	9175001	9200000	-0.463375613
Chr1	9200001	9225000	-0.202703416
Chr1	9225001	9250000	0.528983853
Chr1	9250001	9275000	1.381386371
Chr1	9275001	9300000	-0.595366597
Chr1	9300001	9325000	-2.74393609
Chr1	9325001	9350000	-0.787270676
Chr1	9350001	9375000	1.18868563
Chr1	9375001	9400000	2.362776927
Chr1	9400001	9425000	0.088400651
Chr1	9425001	9450000	-0.662540955
Chr1	9450001	9475000	1.429894254
Chr1	9475001	9500000	0.919811684
Chr1	9500001	9525000	-0.082014111
Chr1	9525001	9550000	-0.870653529
Chr1	9550001	9575000	-0.897827238
Chr1	9575001	9600000	-0.753635458
Chr1	9600001	9625000	0.250972388
Chr1	9625001	9650000	-1.305730307
Chr1	9650001	9675000	-1.494835609
Chr1	9675001	9700000	1.323281307
Chr1	9700001	9725000	-0.957135043
Chr1	9725001	9750000	-0.586751969
Chr1	9750001	9775000	0.282384429
Chr1	9775001	9800000	1.210485655
Chr1	9800001	9825000	-0.339313073
Chr1	9825001	9850000	-0.078673043
Chr1	9850001	9875000	-1.268466158
Chr1	9875001	9900000	-0.872314233
Chr1	9900001	9925000	0.397101893
Chr1	9925001	9950000	0.024642906
Chr1	9950001	9975000	-1.877232993
Chr1	9975001	10000000	0.271667794
Chr1	10000001	10025000	-1.082769251
Chr1	10025001	10050000	-0.571817762
Chr1	10050001	10075000	-2.525896415
Chr1	10075001	10100000	-0.465951415
Chr1	10100001	10125000	1.227948877
Chr1	10125001	10150000	-0.485907539
Chr1	10150001	10175000	0.314175524
Chr1	10175001	10200000	-0.089806509
Chr1	10200001	10225000	0.418849808
Chr1	10225001	10250000	-3.199030389
Chr1	10250001	10275000	1.003098091
Chr1	10275001	10300000	0.500615353
Chr1	10300001	10325000	2.598374271
Chr1	10325001	10350000	0.114099741
Chr1	10350001	10375000	-0.175096892
Chr1	10375001	10400000	-0.068608101
Chr1	10400001	10425000	0.230111989
Chr1	10425001	10450000	0.726689472
Chr1	10450001	10475000	0.652895987
Chr1	10475001	10500000	0.342223948
Chr1	10500001	10525000	0.126328578
Chr1	10525001	10550000	0.335348611
Chr1	10550001	10575000	-1.47134494
Chr1	10575001	10600000	1.291522963
Chr1	10600001	10625000	0.829606303
Chr1	10625001	10650000	-1.326400667
Chr1	10650001	10675000	1.546880095
Chr1	10675001	10700000	1.169547149
Chr1	10700001	10725000	0.006555703
Chr1	10725001	10750000	-1.907501233
Chr1	10750001	10775000	-0.847337601
Chr1	10775001	10800000	0.638298543
Chr1	10800001	10825000	1.48369386
Chr1	10825001	10850000	1.156274113
Chr1	10850001	10875000	-1.927758343
Chr1	10875001	10900000	-3.494402322
Chr1	10900001	10925000	-0.229391562
Chr1	10925001	10950000	-1.398549376
Chr1	10950001	10975000	-1.971825493
Chr1	10975001	11000000	2.006245443
Chr1	11000001	11025000	2.000510779
Chr1	11025001	11050000	0.493246332
Chr1	11050001	11075000	-1.59352802
Chr1	11075001	11100000	-0.015680225
Chr1	11100001	11125000	-0.280406286
Chr1	11125001	11150000	-0.936423012
Chr1	11150001	11175000	-0.097235347
Chr1	11175001	11200000	-1.17927982
Chr1	11200001	11225000	-4.333636732
Chr1	11225001	11250000	-6.26419247
Chr1	11250001	11275000	-8.62012334
Chr1	11275001	11300000	-2.005908657
Chr1	11300001	11325000	-2.434236968
Chr1	11325001	11350000	-3.414415514
Chr1	11350001	11375000	2.253923987
Chr1	11375001	11400000	0.583178091
Chr1	11400001	11425000	1.414207171
Chr1	11425001	11450000	-4.677291743
Chr1	11450001	11475000	-0.386058432
Chr1	11475001	11500000	-1.223891325
Chr1	11500001	11525000	-0.667306962
Chr1	11525001	11550000	3.883149411
Chr1	11550001	11575000	0.975752454
Chr1	11575001	11600000	-2.812418098
Chr1	11600001	11625000	1.809050626
Chr1	11625001	11650000	4.015995226
Chr1	11650001	11675000	-4.452194003
Chr1	11675001	11700000	4.315328106
Chr1	11700001	11725000	2.031271462
Chr1	11725001	11750000	3.569855608
Chr1	11750001	11775000	0
Chr2	1	25000	-1.304511042
Chr2	25001	50000	0.575343753
Chr2	50001	75000	4.880659054
Chr2	75001	100000	4.699426966
Chr2	100001	125000	2.289044733
Chr2	125001	150000	2.275615606
Chr2	150001	175000	-1.433632611
Chr2	175001	200000	-0.390362816
Chr2	200001	225000	0.63088522
Chr2	225001	250000	3.695727675
Chr2	250001	275000	2.942940256
Chr2	275001	300000	3.208048683
Chr2	300001	325000	-1.028208201
Chr2	325001	350000	6.832621015
Chr2	350001	375000	1.518350313
Chr2	375001	400000	-0.227982103
Chr2	400001	425000	0.8056106
Chr2	425001	450000	0.7197107
Chr2	450001	475000	-3.566100069
Chr2	475001	500000	-0.328638124
Chr2	500001	525000	-1.182776042
Chr2	525001	550000	0.714786722
Chr2	550001	575000	0.24261778
Chr2	575001	600000	0.340598666
Chr2	600001	625000	1.863045343
Chr2	625001	650000	0.574021336
Chr2	650001	675000	-5.655275999
Chr2	675001	700000	-2.929610672
Chr2	700001	725000	-0.903873265
Chr2	725001	750000	-1.991739858
Chr2	750001	775000	-0.083778705
Chr2	775001	800000	-1.787657557
Chr2	800001	825000	1.688858969
Chr2	825001	850000	1.389299938
Chr2	850001	875000	-1.182049684
Chr2	875001	900000	-0.558074221
Chr2	900001	925000	-1.174786657
Chr2	925001	950000	-0.399225645
Chr2	950001	975000	-2.318762553
Chr2	975001	1000000	-1.754099099
Chr2	1000001	1025000	-0.268463918
Chr2	1025001	1050000	0.598552075
Chr2	1050001	1075000	2.696844168
Chr2	1075001	1100000	0.826587546
Chr2	1100001	1125000	1.674962719
Chr2	1125001	1150000	-2.506355274
Chr2	1150001	1175000	2.194041111
Chr2	1175001	1200000	-1.153697573
Chr2	1200001	1225000	0.979256119
Chr2	1225001	1250000	0.380099604
Chr2	1250001	1275000	-1.229337643
Chr2	1275001	1300000	-4.180122637
Chr2	1300001	1325000	1.403132456
Chr2	1325001	1350000	0.776864253
Chr2	1350001	1375000	-1.055793628
Chr2	1375001	1400000	-0.540046412
Chr2	1400001	1425000	-2.046340018
Chr2	1425001	1450000	-2.102782109
Chr2	1450001	1475000	-1.802968036
Chr2	1475001	1500000	-1.158380756
Chr2	1500001	1525000	-2.989474106
Chr2	1525001	1550000	-0.023237955
Chr2	1550001	1575000	1.61066702
Chr2	1575001	1600000	0.193536216
Chr2	1600001	1625000	0.135155257
Chr2	1625001	1650000	-0.15929424
Chr2	1650001	1675000	-0.007834041
Chr2	1675001	1700000	-0.616907537
Chr2	1700001	1725000	0.924295735
Chr2	1725001	1750000	0.198209771
Chr2	1750001	1775000	-0.79814709
Chr2	1775001	1800000	-0.716743829
Chr2	1800001	1825000	-0.208462486
Chr2	1825001	1850000	1.896014074
Chr2	1850001	1875000	1.287476172
Chr2	1875001	1900000	-0.032075063
Chr2	1900001	1925000	-1.122610625
Chr2	1925001	1950000	-0.09893777
Chr2	1950001	1975000	-3.176663013
Chr2	1975001	2000000	-1.466965183
Chr2	2000001	2025000	-0.22117306
Chr2	2025001	2050000	0.517234553
Chr2	2050001	2075000	-1.107132418
Chr2	2075001	2100000	-0.426896273
Chr2	2100001	2125000	-1.248954855
Chr2	2125001	2150000	0.550140637
Chr2	2150001	2175000	1.6027433
Chr2	2175001	2200000	0.593125322
Chr2	2200001	2225000	0.578115489
Chr2	2225001	2250000	2.441374721
Chr2	2250001	2275000	1.320773772
Chr2	2275001	2300000	-0.529225055
Chr2	2300001	2325000	-2.469699457
Chr2	2325001	2350000	1.127564607
Chr2	2350001	2375000	-0.123133932
Chr2	2375001	2400000	1.148334276
Chr2	2400001	2425000	1.960682758
Chr2	2425001	2450000	-0.674804515
Chr2	2450001	2475000	-0.570667577
Chr2	2475001	2500000	-1.421999202
Chr2	2500001	2525000	-0.601961821
Chr2	2525001	2550000	0.297766716
Chr2	2550001	2575000	0.044363433
Chr2	2575001	2600000	-0.417808562
Chr2	2600001	2625000	-0.805386567
Chr2	2625001	2650000	-1.086229682
Chr2	2650001	2675000	-1.755868627
Chr2	2675001	2700000	1.080500439
Chr2	2700001	2725000	0.102896885
Chr2	2725001	2750000	2.082039243
Chr2	2750001	2775000	-2.809449872
Chr2	2775001	2800000	-1.07469272
Chr2	2800001	2825000	2.148738626
Chr2	2825001	2850000	-2.412745304
Chr2	2850001	2875000	0.173859418
Chr2	2875001	2900000	-0.613364301
Chr2	2900001	2925000	-0.129756258
Chr2	2925001	2950000	0.530701697
Chr2	2950001	2975000	-0.832830852
Chr2	2975001	3000000	0.341448291
Chr2	3000001	3025000	0.197236743
Chr2	3025001	3050000	2.68930253
Chr2	3050001	3075000	-0.482579522
Chr2	3075001	3100000	0.930972669
Chr2	3100001	3125000	-0.196697534
Chr2	3125001	3150000	1.200275039
Chr2	3150001	3175000	-1.913776367
Chr2	3175001	3200000	0.864989677
Chr2	3200001	3225000	0.237714433
Chr2	3225001	3250000	1.488004855
Chr2	3250001	3275000	0.339151081
Chr2	3275001	3300000	-2.169925001
Chr2	3300001	3325000	-2.169925001
Chr2	3325001	3350000	0.613072821
Chr2	3350001	3375000	1.038645078
Chr2	3375001	3400000	1.234779019
Chr2	3400001	3425000	0.536402426
Chr2	3425001	3450000	-0.726709142
Chr2	3450001	3475000	-4.107080836
Chr2	3475001	3500000	-2.590473387
Chr2	3500001	3525000	-0.772761141
Chr2	3525001	3550000	-3.144986348
Chr2	3550001	3575000	0.704271987
Chr2	3575001	3600000	-0.053530149
Chr2	3600001	3625000	1.135915364
Chr2	3625001	3650000	0.103532998
Chr2	3650001	3675000	-0.297487444
Chr2	3675001	3700000	0.972032175
Chr2	3700001	3725000	-4.635793284
Chr2	3725001	3750000	3.264700015
Chr2	3750001	3775000	-0.665511629
Chr2	3775001	3800000	-1.33222543
Chr2	3800001	3825000	1.24919141
Chr2	3825001	3850000	1.080435951
Chr2	3850001	3875000	-4.761531025
Chr2	3875001	3900000	1.448261804
Chr2	3900001	3925000	-5.171238872
Chr2	3925001	3950000	-1.164580266
Chr2	3950001	3975000	2.459816183
Chr2	3975001	4000000	-0.518936902
Chr2	4000001	4025000	0.736455073
Chr2	4025001	4050000	-0.328614316
Chr2	4050001	4075000	0.661677467
Chr2	4075001	4100000	-1.485084997
Chr2	4100001	4125000	-3.302375297
Chr2	4125001	4150000	-1.71657009
Chr2	4150001	4175000	0.151895945
Chr2	4175001	4200000	-0.105990696
Chr2	4200001	4225000	-0.080077064
Chr2	4225001	4250000	1.013995535
Chr2	4250001	4275000	0.521849856
Chr2	4275001	4300000	0.527398637
Chr2	4300001	4325000	-0.711074504
Chr2	4325001	4350000	1.339463518
Chr2	4350001	4375000	0.420678867
Chr2	4375001	4400000	-0.250728411
Chr2	4400001	4425000	-0.10977285
Chr2	4425001	4450000	1.780782457
Chr2	4450001	4475000	2.577004979
Chr2	4475001	4500000	0.681458552
Chr2	4500001	4525000	1.21594352
Chr2	4525001	4550000	0.611032871
Chr2	4550001	4575000	-2.709634129
Chr2	4575001	4600000	-0.573185333
Chr2	4600001	4625000	-0.667436509
Chr2	4625001	4650000	-1.256611302
Chr2	4650001	4675000	3.290655448
Chr2	4675001	4700000	1.009829574
Chr2	4700001	4725000	-0.94204526
Chr2	4725001	4750000	-0.643711309
Chr2	4750001	4775000	0.032270954
Chr2	4775001	4800000	0.789220412
Chr2	4800001	4825000	0.188755661
Chr2	4825001	4850000	-0.565904165
Chr2	4850001	4875000	-1.739191315
Chr2	4875001	4900000	-2.61940551
Chr2	4900001	4925000	1.774588308
Chr2	4925001	4950000	-0.165776614
Chr2	4950001	4975000	-0.542509048
Chr2	4975001	5000000	1.270017138
Chr2	5000001	5025000	-0.049951822
Chr2	5025001	5050000	1.051232294
Chr2	5050001	5075000	-5.067934183
Chr2	5075001	5100000	2.529467388
Chr2	5100001	5125000	-2.408069387
Chr2	5125001	5150000	-1.302482335
Chr2	5150001	5175000	-0.213269052
Chr2	5175001	5200000	-6.091330433
Chr2	5200001	5225000	0.319293002
Chr2	5225001	5250000	3.017623652
Chr2	5250001	5275000	0.257917164
Chr2	5275001	5300000	-2.669809078
Chr2	5300001	5325000	0.352649612
Chr2	5325001	5350000	0.748461233
Chr2	5350001	5375000	1.612306968
Chr2	5375001	5400000	0.712983104
Chr2	5400001	5425000	2.14952323
Chr2	5425001	5450000	-0.806519884
Chr2	5450001	5475000	-4.270819431
Chr2	5475001	5500000	-1.629755255
Chr2	5500001	5525000	-1.007417472
Chr2	5525001	5550000	1.927065748
Chr2	5550001	5575000	3.20077626
Chr2	5575001	5600000	-0.169925001
Chr2	5600001	5625000	-0.30954437
Chr2	5625001	5650000	-1.173359218
Chr2	5650001	5675000	2.734038536
Chr2	5675001	5700000	2.151502071
Chr2	5700001	5725000	2.027787588
Chr2	5725001	5750000	0.077029882
Chr2	5750001	5775000	-1.597858185
Chr2	5775001	5800000	-2.518900579
Chr2	5800001	5825000	-1.27745593
Chr2	5825001	5850000	3.382005048
Chr2	5850001	5875000	2.091218408
Chr2	5875001	5900000	-0.00539038
Chr2	5900001	5925000	0.560150745
Chr2	5925001	5950000	-5.765062306
Chr2	5950001	5975000	-2.479905528
Chr2	5975001	6000000	0.047836612
Chr2	6000001	6025000	0.746147885
Chr2	6025001	6050000	1.198590156
Chr2	6050001	6075000	-2.922148088
Chr2	6075001	6100000	-2.319439703
Chr2	6100001	6125000	0.606234268
Chr2	6125001	6150000	-3.638982999
Chr2	6150001	6175000	-0.008393252
Chr2	6175001	6200000	3.135976189
Chr2	6200001	6225000	-0.251917144
Chr2	6225001	6250000	-1.063646744
Chr2	6250001	6275000	1.285558296
Chr2	6275001	6300000	-1.002832703
Chr2	6300001	6325000	-2.956466484
Chr2	6325001	6350000	-2.719120067
Chr2	6350001	6375000	-2.047492696
Chr2	6375001	6400000	0.245511308
Chr2	6400001	6425000	-1.264122001
Chr2	6425001	6450000	-0.286399894
Chr2	6450001	6475000	0.728031737
Chr2	6475001	6500000	-4.125587405
Chr2	6500001	6525000	-1.998969135
Chr2	6525001	6550000	0.730114203
Chr2	6550001	6575000	-0.668104501
Chr2	6575001	6600000	2.746231713
Chr2	6600001	6625000	-0.28684629
Chr2	6625001	6650000	1.286028115
Chr2	6650001	6675000	-0.245022523
Chr2	6675001	6700000	-0.079291759
Chr2	6700001	6725000	-0.884840802
Chr2	6725001	6750000	0.337324003
Chr2	6750001	6775000	-1.370510814
Chr2	6775001	6800000	-0.677514219
Chr2	6800001	6825000	-1.289208915
Chr2	6825001	6850000	1.286308236
Chr2	6850001	6875000	-2.454840294
Chr2	6875001	6900000	-1.853217948
Chr2	6900001	6925000	-0.670689638
Chr2	6925001	6950000	-0.934240151
Chr2	6950001	6975000	0.145821877
Chr2	6975001	7000000	-0.028968347
Chr2	7000001	7025000	-0.355985702
Chr2	7025001	7050000	-1.058203517
Chr2	7050001	7075000	0.44132133
Chr2	7075001	7100000	1.453621543
Chr2	7100001	7125000	2.398666564
Chr2	7125001	7150000	0.544281381
Chr2	7150001	7175000	1.543294268
Chr2	7175001	7200000	1.05386164
Chr2	7200001	7225000	0.507798255
Chr2	7225001	7250000	0.213413647
Chr2	7250001	7275000	1.073935924
Chr2	7275001	7300000	0.416463838
Chr2	7300001	7325000	-1.86961211
Chr2	7325001	7350000	3.560346847
Chr2	7350001	7375000	-0.708485626
Chr2	7375001	7400000	0.445712164
Chr2	7400001	7425000	1.658010131
Chr2	7425001	7450000	0.664535827
Chr2	7450001	7475000	0.79822561
Chr2	7475001	7500000	0.222497333
Chr2	7500001	7525000	-0.390963997
Chr2	7525001	7550000	-0.576200023
Chr2	7550001	7575000	-1.762729365
Chr2	7575001	7600000	-0.725389613
Chr2	7600001	7625000	1.373183432
Chr2	7625001	7650000	0.477195898
Chr2	7650001	7675000	0.334798132
Chr2	7675001	7700000	-2.567610067
Chr2	7700001	7725000	-0.191486613
Chr2	7725001	7750000	-2.013156348
Chr2	7750001	7775000	-1.753083447
Chr2	7775001	7800000	-0.512812715
Chr2	7800001	7825000	-1.27242644
Chr2	7825001	7850000	-0.680485934
Chr2	7850001	7875000	1.149504301
Chr2	7875001	7900000	1.103924364
Chr2	7900001	7925000	1.670750396
Chr2	7925001	7950000	0.834209423
Chr2	7950001	7975000	-0.510777685
Chr2	7975001	8000000	-1.847800448
Chr2	8000001	8025000	-0.988888045
Chr2	8025001	8050000	-0.347481279
Chr2	8050001	8075000	0.298645384
Chr2	8075001	8100000	-2.946019838
Chr2	8100001	8125000	-1.46614184
Chr2	8125001	8150000	1.557703732
Chr2	8150001	8175000	1.139021989
Chr2	8175001	8200000	0.390210252
Chr2	8200001	8225000	-1.331747156
Chr2	8225001	8250000	-0.51442565
Chr2	8250001	8275000	2.458275952
Chr2	8275001	8300000	6.134510792
Chr2	8300001	8325000	-1.467820839
Chr2	8325001	8350000	0.566939205
Chr2	8350001	8375000	-1.825190282
Chr2	8375001	8400000	0.130750827
Chr2	8400001	8425000	-0.817976038
Chr2	8425001	8450000	-0.909711764
Chr2	8450001	8475000	1.925972406
Chr2	8475001	8500000	0.033902004
Chr2	8500001	8525000	0.439206422
Chr2	8525001	8550000	3.720103456
Chr2	8550001	8575000	-0.300732148
Chr2	8575001	8600000	2.73294904
Chr2	8600001	8625000	-1.745954377
Chr2	8625001	8650000	-4.090097235
Chr2	8650001	8675000	3.270908982
Chr2	8675001	8700000	3.540573498
Chr2	8700001	8725000	1.642902902
Chr2	8725001	8750000	-2.385653692
Chr2	8750001	8775000	0.4382583
Chr2	8775001	8800000	-0.20916365
Chr2	8800001	8825000	0.936099236
Chr2	8825001	8850000	-0.273177425
Chr2	8850001	8875000	1.542117956
Chr2	8875001	8900000	-0.244437426
Chr2	8900001	8925000	2.03539086
Chr2	8925001	8950000	0.384143491
Chr2	8950001	8975000	1.935128023
Chr2	8975001	9000000	6.087462841
Chr3	1	25000	-0.78417333
Chr3	25001	50000	2.172550471
Chr3	50001	75000	6.490119088
Chr3	75001	100000	-2.08300503
Chr3	100001	125000	-1.540108265
Chr3	125001	150000	-0.138783919
Chr3	150001	175000	0.140286959
Chr3	175001	200000	3.117874717
Chr3	200001	225000	0.373040019
Chr3	225001	250000	-4.048427729
Chr3	250001	275000	-3.209403503
Chr3	275001	300000	-2.153175307
Chr3	300001	325000	-2.308752706
Chr3	325001	350000	-1.407150822
Chr3	350001	375000	1.255874614
Chr3	375001	400000	-0.019497878
Chr3	400001	425000	0.467291684
Chr3	425001	450000	-1.117232108
Chr3	450001	475000	2.010247496
Chr3	475001	500000	-0.388962317
Chr3	500001	525000	1.806354093
Chr3	525001	550000	-4.268009641
Chr3	550001	575000	-2.566671003
Chr3	575001	600000	0.478057368
Chr3	600001	625000	-1.044762416
Chr3	625001	650000	1.495340328
Chr3	650001	675000	1.422108021
Chr3	675001	700000	-0.290033814
Chr3	700001	725000	-2.570147355
Chr3	725001	750000	-5.344507725
Chr3	750001	775000	-0.109017679
Chr3	775001	800000	0.364756338
Chr3	800001	825000	0.869762691
Chr3	825001	850000	-0.10620897
Chr3	850001	875000	2.435054658
Chr3	875001	900000	0.091152876
Chr3	900001	925000	1.720710678
Chr3	925001	950000	0.254016661
Chr3	950001	975000	0.200818526
Chr3	975001	1000000	0.231710763
Chr3	1000001	1025000	0.48760704
Chr3	1025001	1050000	-1.42911714
Chr3	1050001	1075000	0.817874715
Chr3	1075001	1100000	-0.968040532
Chr3	1100001	1125000	-0.447393086
Chr3	1125001	1150000	-0.192513158
Chr3	1150001	1175000	0.210717316
Chr3	1175001	1200000	0.819265329
Chr3	1200001	1225000	0.762324396
Chr3	1225001	1250000	-0.149665768
Chr3	1250001	1275000	-0.165720064
Chr3	1275001	1300000	0.280888126
Chr3	1300001	1325000	0.025288232
Chr3	1325001	1350000	-2.872167762
Chr3	1350001	1375000	-0.430726584
Chr3	1375001	1400000	-0.966861434
Chr3	1400001	1425000	-2.224380301
Chr3	1425001	1450000	-2.527027555
Chr3	1450001	1475000	-0.134994266
Chr3	1475001	1500000	0.857555735
Chr3	1500001	1525000	-2.077913991
Chr3	1525001	1550000	-1.553487962
Chr3	1550001	1575000	0.921899438
Chr3	1575001	1600000	0.541884909
Chr3	1600001	1625000	0.305537051
Chr3	1625001	1650000	0.946980797
Chr3	1650001	1675000	0.765871062
Chr3	1675001	1700000	-0.235051596
Chr3	1700001	1725000	1.473995165
Chr3	1725001	1750000	0.81906545
Chr3	1750001	1775000	1.010365533
Chr3	1775001	1800000	0.648662442
Chr3	1800001	1825000	0.514084423
Chr3	1825001	1850000	-0.472837723
Chr3	1850001	1875000	1.851841101
Chr3	1875001	1900000	0.138749385
Chr3	1900001	1925000	1.670238248
Chr3	1925001	1950000	-1.014778586
Chr3	1950001	1975000	-0.965762926
Chr3	1975001	2000000	0.207229257
Chr3	2000001	2025000	1.546582701
Chr3	2025001	2050000	-0.317323745
Chr3	2050001	2075000	-1.216014338
Chr3	2075001	2100000	0.811171062
Chr3	2100001	2125000	0.750774711
Chr3	2125001	2150000	0.470095173
Chr3	2150001	2175000	-0.386325722
Chr3	2175001	2200000	0.30649752
Chr3	2200001	2225000	0.46310531
Chr3	2225001	2250000	0.474743107
Chr3	2250001	2275000	2.006278619
Chr3	2275001	2300000	-0.199124269
Chr3	2300001	2325000	-0.777023846
Chr3	2325001	2350000	0.009005184
Chr3	2350001	2375000	0.192584551
Chr3	2375001	2400000	0.424733998
Chr3	2400001	2425000	-1.293579065
Chr3	2425001	2450000	0.945926094
Chr3	2450001	2475000	1.35109648
Chr3	2475001	2500000	-0.513887501
Chr3	2500001	2525000	1.004202507
Chr3	2525001	2550000	0.279186737
Chr3	2550001	2575000	-1.003590284
Chr3	2575001	2600000	0.634198824
Chr3	2600001	2625000	-0.616708965
Chr3	2625001	2650000	1.079929111
Chr3	2650001	2675000	1.261831421
Chr3	2675001	2700000	0.127432015
Chr3	2700001	2725000	-0.988811648
Chr3	2725001	2750000	-0.388391793
Chr3	2750001	2775000	0.511593575
Chr3	2775001	2800000	0.65418568
Chr3	2800001	2825000	-1.383666568
Chr3	2825001	2850000	1.315737625
Chr3	2850001	2875000	1.065565902
Chr3	2875001	2900000	-0.664985948
Chr3	2900001	2925000	-0.543213824
Chr3	2925001	2950000	1.785977297
Chr3	2950001	2975000	-1.644637183
Chr3	2975001	3000000	-3.421883246
Chr3	3000001	3025000	-0.860370262
Chr3	3025001	3050000	-0.179583365
Chr3	3050001	3075000	1.200301183
Chr3	3075001	3100000	-0.378359227
Chr3	3100001	3125000	-0.015820286
Chr3	3125001	3150000	-0.496155327
Chr3	3150001	3175000	0.435315878
Chr3	3175001	3200000	-1.298103856
Chr3	3200001	3225000	0.253874208
Chr3	3225001	3250000	1.613012018
Chr3	3250001	3275000	0.321981816
Chr3	3275001	3300000	0.319556133
Chr3	3300001	3325000	-0.721150597
Chr3	3325001	3350000	-0.245453811
Chr3	3350001	3375000	1.16744569
Chr3	3375001	3400000	-0.472933872
Chr3	3400001	3425000	-0.550359375
Chr3	3425001	3450000	-0.756255558
Chr3	3450001	3475000	0.329132151
Chr3	3475001	3500000	-1.519330456
Chr3	3500001	3525000	3.323158888
Chr3	3525001	3550000	-0.041251474
Chr3	3550001	3575000	-1.979283845
Chr3	3575001	3600000	0.10774227
Chr3	3600001	3625000	0.680477003
Chr3	3625001	3650000	1.271063592
Chr3	3650001	3675000	0.835853346
Chr3	3675001	3700000	0.208062707
Chr3	3700001	3725000	0.277305502
Chr3	3725001	3750000	-0.753173842
Chr3	3750001	3775000	1.31721949
Chr3	3775001	3800000	-4.939366249
Chr3	3800001	3825000	1.311851022
Chr3	3825001	3850000	-0.24251314
Chr3	3850001	3875000	1.288043712
Chr3	3875001	3900000	2.360767106
Chr3	3900001	3925000	0.772306161
Chr3	3925001	3950000	-2.164077274
Chr3	3950001	3975000	-0.675052387
Chr3	3975001	4000000	1.290699951
Chr3	4000001	4025000	1.486381467
Chr3	4025001	4050000	1.648993411
Chr3	4050001	4075000	1.63563819
Chr3	4075001	4100000	-0.122139887
Chr3	4100001	4125000	0.953455164
Chr3	4125001	4150000	1.647223683
Chr3	4150001	4175000	-1.373495514
Chr3	4175001	4200000	-4.153044444
Chr3	4200001	4225000	-0.017161123
Chr3	4225001	4250000	1.007803448
Chr3	4250001	4275000	0.447387931
Chr3	4275001	4300000	0.286473602
Chr3	4300001	4325000	0.835812242
Chr3	4325001	4350000	-0.833396876
Chr3	4350001	4375000	-1.472665443
Chr3	4375001	4400000	0.578923584
Chr3	4400001	4425000	-0.916476644
Chr3	4425001	4450000	-0.195871761
Chr3	4450001	4475000	0.380238759
Chr3	4475001	4500000	0.944375456
Chr3	4500001	4525000	0.946624208
Chr3	4525001	4550000	-0.337780346
Chr3	4550001	4575000	0.729595489
Chr3	4575001	4600000	1.425553114
Chr3	4600001	4625000	-0.395078689
Chr3	4625001	4650000	-0.845936498
Chr3	4650001	4675000	0.176533117
Chr3	4675001	4700000	-1.882033932
Chr3	4700001	4725000	0.251647646
Chr3	4725001	4750000	-1.695208187
Chr3	4750001	4775000	0.335600713
Chr3	4775001	4800000	1.433924402
Chr3	4800001	4825000	0.416650854
Chr3	4825001	4850000	1.339998504
Chr3	4850001	4875000	0.595143288
Chr3	4875001	4900000	2.495832448
Chr3	4900001	4925000	1.043142023
Chr3	4925001	4950000	-0.103163069
Chr3	4950001	4975000	0.90854415
Chr3	4975001	5000000	1.016350272
Chr3	5000001	5025000	-0.301270339
Chr3	5025001	5050000	-3.189191765
Chr3	5050001	5075000	0.077744713
Chr3	5075001	5100000	0.537444234
Chr3	5100001	5125000	-0.313700161
Chr3	5125001	5150000	-0.431572067
Chr3	5150001	5175000	-3.051184006
Chr3	5175001	5200000	-0.096011059
Chr3	5200001	5225000	0.110268457
Chr3	5225001	5250000	0.849934161
Chr3	5250001	5275000	1.156162234
Chr3	5275001	5300000	2.153182013
Chr3	5300001	5325000	-0.781107423
Chr3	5325001	5350000	0.342504257
Chr3	5350001	5375000	-1.593230117
Chr3	5375001	5400000	-7.357552005
Chr3	5400001	5425000	0.090686742
Chr3	5425001	5450000	1.01539842
Chr3	5450001	5475000	1.385110941
Chr3	5475001	5500000	-0.940506029
Chr3	5500001	5525000	0.901824341
Chr3	5525001	5550000	-2.064502218
Chr3	5550001	5575000	-0.807481081
Chr3	5575001	5600000	-0.187343204
Chr3	5600001	5625000	-0.656266215
Chr3	5625001	5650000	0.559369874
Chr3	5650001	5675000	0.071156999
Chr3	5675001	5700000	-0.418016145
Chr3	5700001	5725000	-0.497107605
Chr3	5725001	5750000	-0.236151961
Chr3	5750001	5775000	1.075824423
Chr3	5775001	5800000	2.083955689
Chr3	5800001	5825000	0.657098408
Chr3	5825001	5850000	0.259968103
Chr3	5850001	5875000	1.77954563
Chr3	5875001	5900000	-0.458281257
Chr3	5900001	5925000	-0.677158373
Chr3	5925001	5950000	-0.102359694
Chr3	5950001	5975000	1.239165148
Chr3	5975001	6000000	-0.097016969
Chr3	6000001	6025000	0.565665943
Chr3	6025001	6050000	0.084993234
Chr3	6050001	6075000	-1.192142348
Chr3	6075001	6100000	0.060296909
Chr3	6100001	6125000	0.362361069
Chr3	6125001	6150000	0.384046632
Chr3	6150001	6175000	2.579404533
Chr3	6175001	6200000	0.215236248
Chr3	6200001	6225000	-0.497541786
Chr3	6225001	6250000	-0.087728446
Chr3	6250001	6275000	-0.089742736
Chr3	6275001	6300000	-1.391469028
Chr3	6300001	6325000	2.174497731
Chr3	6325001	6350000	1.237710249
Chr3	6350001	6375000	-0.708123436
Chr3	6375001	6400000	2.362915809
Chr3	6400001	6425000	0.216819766
Chr3	6425001	6450000	0.420563723
Chr3	6450001	6475000	3.120512807
Chr3	6475001	6500000	1.198172131
Chr3	6500001	6525000	2.563836332
Chr3	6525001	6550000	0.563392816
Chr3	6550001	6575000	0.010503691
Chr3	6575001	6600000	0.280194957
Chr3	6600001	6625000	-0.853158612
Chr3	6625001	6650000	4.994242499
Chr3	6650001	6675000	-2.611442019
Chr3	6675001	6700000	-3.66934325
Chr3	6700001	6725000	-0.847996907
Chr3	6725001	6750000	2.085761815
Chr3	6750001	6775000	0.26712571
Chr3	6775001	6800000	-2.227493452
Chr3	6800001	6825000	-0.081553834
Chr3	6825001	6850000	2.882812613
Chr3	6850001	6875000	1.713735395
Chr3	6875001	6900000	-1.057892328
Chr3	6900001	6925000	-0.092441785
Chr3	6925001	6950000	0.514341272
Chr3	6950001	6975000	-1.201008551
Chr3	6975001	7000000	-1.714880824
Chr3	7000001	7025000	0.698945987
Chr3	7025001	7050000	-2.423681594
Chr3	7050001	7075000	-4.280440617
Chr3	7075001	7100000	2.037625072
Chr3	7100001	7125000	-2.508369183
Chr3	7125001	7150000	-0.232730997
Chr3	7150001	7175000	-1.043003879
Chr3	7175001	7200000	0.911316929
Chr3	7200001	7225000	4.814997514
Chr3	7225001	7250000	2.106020196
Chr3	7250001	7275000	0.562228103
Chr3	7275001	7300000	0.324307174
Chr3	7300001	7325000	-3.0739456
Chr3	7325001	7350000	3.290279724
Chr3	7350001	7375000	1.597097827
Chr3	7375001	7400000	5.78428007
Chr3	7400001	7425000	-2.231821179
Chr3	7425001	7450000	-1.789955374
Chr3	7450001	7475000	3.349382013
Chr3	7475001	7500000	-0.238644962
Chr3	7500001	7525000	0.646831225
Chr3	7525001	7550000	1.996663185
Chr3	7550001	7575000	3.882517647
Chr3	7575001	7600000	2.63991243
Chr3	7600001	7625000	5.341609324
Chr3	7625001	7650000	-0.327130793
Chr3	7650001	7675000	-0.467253903
Chr3	7675001	7700000	2.523337115
Chr3	7700001	7725000	5.168681835
Chr3	7725001	7750000	2.81598867
Chr3	7750001	7775000	-1.361159131
Chr3	7775001	7800000	11.49984589
Chr4	1	25000	0.667646753
Chr4	25001	50000	-0.373288517
Chr4	50001	75000	2.391830108
Chr4	75001	100000	4.741215726
Chr4	100001	125000	4.990581324
Chr4	125001	150000	3.416085589
Chr4	150001	175000	-2.884122308
Chr4	175001	200000	-0.27364345
Chr4	200001	225000	-0.272693307
Chr4	225001	250000	-0.938483435
Chr4	250001	275000	-0.055152709
Chr4	275001	300000	-1.05306981
Chr4	300001	325000	1.476376368
Chr4	325001	350000	0.339450785
Chr4	350001	375000	0.236376208
Chr4	375001	400000	0.555847115
Chr4	400001	425000	-0.178953773
Chr4	425001	450000	-1.702919911
Chr4	450001	475000	-0.24189655
Chr4	475001	500000	0.898522681
Chr4	500001	525000	1.774096114
Chr4	525001	550000	0.163877194
Chr4	550001	575000	-1.98315736
Chr4	575001	600000	0.578328664
Chr4	600001	625000	0.140021929
Chr4	625001	650000	0.725413309
Chr4	650001	675000	-0.815534841
Chr4	675001	700000	-0.092282882
Chr4	700001	725000	0.318015997
Chr4	725001	750000	0.970503666
Chr4	750001	775000	2.612336929
Chr4	775001	800000	-0.904337926
Chr4	800001	825000	1.665871959
Chr4	825001	850000	-2.699929717
Chr4	850001	875000	0.132418351
Chr4	875001	900000	-3.267248247
Chr4	900001	925000	1.103875398
Chr4	925001	950000	-1.084163869
Chr4	950001	975000	-0.837064439
Chr4	975001	1000000	-0.507170936
Chr4	1000001	1025000	-1.137564695
Chr4	1025001	1050000	-1.643846675
Chr4	1050001	1075000	0.494885743
Chr4	1075001	1100000	0.923789433
Chr4	1100001	1125000	2.022371835
Chr4	1125001	1150000	-0.183342275
Chr4	1150001	1175000	0.601720702
Chr4	1175001	1200000	0.17622224
Chr4	1200001	1225000	1.471611252
Chr4	1225001	1250000	1.094535415
Chr4	1250001	1275000	0.221868143
Chr4	1275001	1300000	1.003302623
Chr4	1300001	1325000	0.284744781
Chr4	1325001	1350000	0.779640715
Chr4	1350001	1375000	0.000579383
Chr4	1375001	1400000	-3.023259586
Chr4	1400001	1425000	-0.538723741
Chr4	1425001	1450000	0.732283215
Chr4	1450001	1475000	1.034603404
Chr4	1475001	1500000	0.353685939
Chr4	1500001	1525000	-0.468794471
Chr4	1525001	1550000	-0.078561784
Chr4	1550001	1575000	-1.041979405
Chr4	1575001	1600000	-2.202139626
Chr4	1600001	1625000	1.191871704
Chr4	1625001	1650000	0.288404061
Chr4	1650001	1675000	0.318045866
Chr4	1675001	1700000	0.464992403
Chr4	1700001	1725000	2.373485602
Chr4	1725001	1750000	1.586397647
Chr4	1750001	1775000	-0.865059544
Chr4	1775001	1800000	-0.278054731
Chr4	1800001	1825000	0.964983518
Chr4	1825001	1850000	0.541440153
Chr4	1850001	1875000	0.627538188
Chr4	1875001	1900000	0.263159945
Chr4	1900001	1925000	0.400944815
Chr4	1925001	1950000	1.475767847
Chr4	1950001	1975000	-0.077236732
Chr4	1975001	2000000	-0.015415546
Chr4	2000001	2025000	0.191281174
Chr4	2025001	2050000	0.508669384
Chr4	2050001	2075000	1.312342742
Chr4	2075001	2100000	-0.609426691
Chr4	2100001	2125000	-1.316842501
Chr4	2125001	2150000	2.028427841
Chr4	2150001	2175000	0.272939401
Chr4	2175001	2200000	-1.31548169
Chr4	2200001	2225000	-0.647095608
Chr4	2225001	2250000	-1.335865966
Chr4	2250001	2275000	1.000387498
Chr4	2275001	2300000	0.264110442
Chr4	2300001	2325000	0.798526901
Chr4	2325001	2350000	-0.234774583
Chr4	2350001	2375000	0.363013134
Chr4	2375001	2400000	-0.295325362
Chr4	2400001	2425000	-2.100671972
Chr4	2425001	2450000	-0.026129545
Chr4	2450001	2475000	-1.971141539
Chr4	2475001	2500000	0.609488168
Chr4	2500001	2525000	1.290257229
Chr4	2525001	2550000	1.965369552
Chr4	2550001	2575000	0.948486738
Chr4	2575001	2600000	-1.562595817
Chr4	2600001	2625000	0.630320169
Chr4	2625001	2650000	0.67652974
Chr4	2650001	2675000	2.126167213
Chr4	2675001	2700000	0.336693694
Chr4	2700001	2725000	0.529595839
Chr4	2725001	2750000	-1.145889673
Chr4	2750001	2775000	0.553772988
Chr4	2775001	2800000	0.022671111
Chr4	2800001	2825000	1.366896005
Chr4	2825001	2850000	-0.656801502
Chr4	2850001	2875000	0.711412538
Chr4	2875001	2900000	1.121941449
Chr4	2900001	2925000	0.265474827
Chr4	2925001	2950000	0.084596824
Chr4	2950001	2975000	0.171105151
Chr4	2975001	3000000	-0.703301233
Chr4	3000001	3025000	0.605922119
Chr4	3025001	3050000	2.213563645
Chr4	3050001	3075000	1.021931731
Chr4	3075001	3100000	-0.388028991
Chr4	3100001	3125000	0.319458303
Chr4	3125001	3150000	-0.299249374
Chr4	3150001	3175000	0.284195237
Chr4	3175001	3200000	1.208524001
Chr4	3200001	3225000	0.278682893
Chr4	3225001	3250000	-0.022002926
Chr4	3250001	3275000	-0.151097731
Chr4	3275001	3300000	-0.777015446
Chr4	3300001	3325000	-0.760297529
Chr4	3325001	3350000	2.268717163
Chr4	3350001	3375000	1.017767548
Chr4	3375001	3400000	2.203135154
Chr4	3400001	3425000	2.076119373
Chr4	3425001	3450000	0.165187778
Chr4	3450001	3475000	-0.066928676
Chr4	3475001	3500000	0.366516652
Chr4	3500001	3525000	0.176514489
Chr4	3525001	3550000	0.749970633
Chr4	3550001	3575000	-1.166691791
Chr4	3575001	3600000	0.357382334
Chr4	3600001	3625000	1.014971402
Chr4	3625001	3650000	2.017991535
Chr4	3650001	3675000	-3.266106936
Chr4	3675001	3700000	-0.120978955
Chr4	3700001	3725000	0.201936681
Chr4	3725001	3750000	0.722748891
Chr4	3750001	3775000	-1.301656969
Chr4	3775001	3800000	-2.195784686
Chr4	3800001	3825000	0.715294129
Chr4	3825001	3850000	1.788162824
Chr4	3850001	3875000	0.228636675
Chr4	3875001	3900000	-0.312390647
Chr4	3900001	3925000	0.676892583
Chr4	3925001	3950000	-1.523914458
Chr4	3950001	3975000	2.750181889
Chr4	3975001	4000000	-0.021363441
Chr4	4000001	4025000	-2.038852439
Chr4	4025001	4050000	2.172529145
Chr4	4050001	4075000	-0.066963436
Chr4	4075001	4100000	5.87666298
Chr4	4100001	4125000	-0.972644658
Chr4	4125001	4150000	2.076220441
Chr4	4150001	4175000	-2.015035006
Chr4	4175001	4200000	-1.179660837
Chr4	4200001	4225000	-0.598251974
Chr4	4225001	4250000	0.84541721
Chr4	4250001	4275000	0.474946099
Chr4	4275001	4300000	-0.673332257
Chr4	4300001	4325000	-0.738642172
Chr4	4325001	4350000	-2.051912089
Chr4	4350001	4375000	5.715970214
Chr4	4375001	4400000	0.513898333
Chr4	4400001	4425000	1.054447784
Chr4	4425001	4450000	1.22518902
Chr4	4450001	4475000	2.02312631
Chr4	4475001	4500000	-0.172123845
Chr4	4500001	4525000	1.99535064
Chr4	4525001	4550000	1.52279368
Chr4	4550001	4575000	6.125041872
Chr4	4575001	4600000	-2.235163704
Chr4	4600001	4625000	-1.316771521
Chr4	4625001	4650000	-2.207025118
Chr4	4650001	4675000	-2.012188428
Chr4	4675001	4700000	-0.987968125
Chr4	4700001	4725000	1.941087227
Chr4	4725001	4750000	-0.474780582
Chr4	4750001	4775000	-0.970283538
Chr4	4775001	4800000	-1.63076619
Chr4	4800001	4825000	1.261572046
Chr4	4825001	4850000	4.405627876
Chr4	4850001	4875000	-2.78521368
Chr4	4875001	4900000	-2.835728188
Chr4	4900001	4925000	-0.594246092
Chr4	4925001	4950000	0.676141083
Chr4	4950001	4975000	0.349995986
Chr4	4975001	5000000	0.508366478
Chr4	5000001	5025000	0.976479727
Chr4	5025001	5050000	-0.078779662
Chr4	5050001	5075000	-6.321928095
Chr4	5075001	5100000	-2.584962501
Chr4	5100001	5125000	0.016487408
Chr4	5125001	5150000	0.4492578
Chr4	5150001	5175000	-0.146674124
Chr4	5175001	5200000	-1.191700398
Chr4	5200001	5225000	-0.03061521
Chr4	5225001	5250000	1.291070953
Chr4	5250001	5275000	0.089100693
Chr4	5275001	5300000	-0.413449882
Chr4	5300001	5325000	-0.908649836
Chr4	5325001	5350000	-0.66835545
Chr4	5350001	5375000	1.000588555
Chr4	5375001	5400000	0.779460549
Chr4	5400001	5425000	0.40843823
Chr4	5425001	5450000	0.470228941
Chr4	5450001	5475000	0.176011168
Chr4	5475001	5500000	2.882719296
Chr4	5500001	5525000	0.112439324
Chr4	5525001	5550000	-1.17082269
Chr4	5550001	5575000	-0.435867091
Chr4	5575001	5600000	-0.017527963
Chr4	5600001	5625000	-1.187627003
Chr4	5625001	5650000	-0.030452894
Chr4	5650001	5675000	-1.440463748
Chr4	5675001	5700000	1.349342835
Chr4	5700001	5725000	0.890189265
Chr4	5725001	5750000	-0.744792072
Chr4	5750001	5775000	0.120623207
Chr4	5775001	5800000	0.544019341
Chr4	5800001	5825000	0.634000219
Chr4	5825001	5850000	-0.040475365
Chr4	5850001	5875000	1.177827792
Chr4	5875001	5900000	0.410344197
Chr4	5900001	5925000	0.497675737
Chr4	5925001	5950000	-1.887013633
Chr4	5950001	5975000	0.222960799
Chr4	5975001	6000000	0.057455343
Chr4	6000001	6025000	-0.257542998
Chr4	6025001	6050000	-0.296095854
Chr4	6050001	6075000	1.382553218
Chr4	6075001	6100000	1.106701776
Chr4	6100001	6125000	0.431881427
Chr4	6125001	6150000	-1.137861631
Chr4	6150001	6175000	0.322120399
Chr4	6175001	6200000	-1.411156002
Chr4	6200001	6225000	0.862210988
Chr4	6225001	6250000	-1.802278691
Chr4	6250001	6275000	-0.874247088
Chr4	6275001	6300000	-0.2988153
Chr4	6300001	6325000	0.121479666
Chr4	6325001	6350000	0.096347873
Chr4	6350001	6375000	0.016515905
Chr4	6375001	6400000	0.797818278
Chr4	6400001	6425000	2.285860281
Chr4	6425001	6450000	2.289175549
Chr4	6450001	6475000	-0.409659696
Chr4	6475001	6500000	0.531770252
Chr4	6500001	6525000	1.374484584
Chr4	6525001	6550000	-1.966984943
Chr4	6550001	6575000	0.607099179
Chr4	6575001	6600000	-0.078242212
Chr4	6600001	6625000	0.477491777
Chr4	6625001	6650000	-1.006257728
Chr4	6650001	6675000	-0.371947514
Chr4	6675001	6700000	-0.51235909
Chr4	6700001	6725000	0.834407037
Chr4	6725001	6750000	1.267572189
Chr4	6750001	6775000	-3.279753955
Chr4	6775001	6800000	0.612846331
Chr4	6800001	6825000	0.235281951
Chr4	6825001	6850000	-2.759074364
Chr4	6850001	6875000	-1.08787723
Chr4	6875001	6900000	-2.138812161
Chr4	6900001	6925000	-1.028099137
Chr4	6925001	6950000	1.078325482
Chr4	6950001	6975000	-0.520025876
Chr4	6975001	7000000	-0.758797104
Chr4	7000001	7025000	0.490899234
Chr4	7025001	7050000	-0.922437839
Chr4	7050001	7075000	0.270236054
Chr4	7075001	7100000	-0.778515489
Chr4	7100001	7125000	-0.926773671
Chr4	7125001	7150000	0.996565984
Chr4	7150001	7175000	-0.109252534
Chr4	7175001	7200000	0.302556051
Chr4	7200001	7225000	1.026422904
Chr4	7225001	7250000	0.066899845
Chr4	7250001	7275000	0.001983304
Chr4	7275001	7300000	-2.596871788
Chr4	7300001	7325000	-1.246788727
Chr4	7325001	7350000	0.661511133
Chr4	7350001	7375000	-2.292992039
Chr4	7375001	7400000	-0.777467057
Chr4	7400001	7425000	-0.447785319
Chr4	7425001	7450000	-3.255781949
Chr4	7450001	7475000	-0.827498995
Chr4	7475001	7500000	-0.111607948
Chr4	7500001	7525000	-0.362160397
Chr4	7525001	7550000	-0.183314379
Chr4	7550001	7575000	0.316332632
Chr4	7575001	7600000	0.165088607
Chr4	7600001	7625000	0.917002077
Chr4	7625001	7650000	-1.027818982
Chr4	7650001	7675000	5.651910463
Chr4	7675001	7700000	-0.158212603
Chr4	7700001	7725000	2.151452341
Chr4	7725001	7750000	0.646342039
Chr4	7750001	7775000	2.199780986
Chr4	7775001	7800000	-0.621045261
Chr4	7800001	7825000	0.302427412
Chr4	7825001	7850000	0.035537146
Chr4	7850001	7875000	0.483684546
Chr4	7875001	7900000	0.040013162
Chr4	7900001	7925000	0.167324714
Chr4	7925001	7950000	0.212481494
Chr4	7950001	7975000	1.314569372
Chr4	7975001	8000000	0.45641096
Chr4	8000001	8025000	-0.407684518
Chr4	8025001	8050000	0
Chr4	8050001	8075000	0
Chr4	8075001	8100000	0
Chr4	8100001	8125000	0
Chr4	8125001	8150000	0
Chr4	8150001	8175000	0
Chr4	8175001	8200000	0
Chr4	8200001	8225000	0
Chr4	8225001	8250000	0
Chr4	8250001	8275000	0
Chr4	8275001	8300000	0
Chr4	8300001	8325000	0
Chr4	8325001	8350000	0
Chr4	8350001	8375000	0
Chr4	8375001	8400000	0
Chr4	8400001	8425000	0
Chr4	8425001	8450000	0
Chr4	8450001	8475000	0
Chr4	8475001	8500000	0
Chr4	8500001	8525000	0
Chr4	8525001	8550000	0
Chr4	8550001	8575000	0
Chr4	8575001	8600000	0
Chr4	8600001	8625000	0
Chr4	8625001	8650000	0
Chr4	8650001	8675000	0
Chr4	8675001	8700000	0
Chr4	8700001	8725000	0
Chr4	8725001	8750000	0
Chr4	8750001	8775000	0
Chr4	8775001	8800000	0
Chr4	8800001	8825000	0
Chr4	8825001	8850000	0
Chr4	8850001	8875000	0
Chr4	8875001	8900000	0
Chr4	8900001	8925000	0
Chr4	8925001	8950000	0
Chr4	8950001	8975000	0
Chr4	8975001	9000000	0
Chr4	9000001	9025000	0
Chr4	9025001	9050000	0
Chr4	9050001	9075000	0
Chr4	9075001	9100000	0
Chr4	9100001	9125000	0
Chr4	9125001	9150000	0
Chr4	9150001	9175000	0
Chr4	9175001	9200000	0
Chr4	9200001	9225000	0
Chr4	9225001	9250000	0
Chr4	9250001	9275000	0
Chr4	9275001	9300000	0
Chr4	9300001	9325000	0
Chr4	9325001	9350000	0
Chr4	9350001	9375000	0
Chr4	9375001	9400000	0.700439718
Chr4	9400001	9425000	-0.874469118