Chr1	1	25000	83
Chr1	25001	50000	207
Chr1	50001	75000	348
Chr1	75001	100000	421
Chr1	100001	125000	1944
Chr1	125001	150000	869
Chr1	150001	175000	331
Chr1	175001	200000	80
Chr1	200001	225000	179
Chr1	225001	250000	323
Chr1	250001	275000	9456
Chr1	275001	300000	7821
Chr1	300001	325000	280
Chr1	325001	350000	149
Chr1	350001	375000	2307
Chr1	375001	400000	1002
Chr1	400001	425000	11240
Chr1	425001	450000	326
Chr1	450001	475000	9848
Chr1	475001	500000	566
Chr1	500001	525000	2053
Chr1	525001	550000	2411
Chr1	550001	575000	13041
Chr1	575001	600000	5138
Chr1	600001	625000	10109
Chr1	625001	650000	42009
Chr1	650001	675000	2979
Chr1	675001	700000	1695
Chr1	700001	725000	21158
Chr1	725001	750000	1173
Chr1	750001	775000	12918
Chr1	775001	800000	7305
Chr1	800001	825000	21196
Chr1	825001	850000	4696
Chr1	850001	875000	24050
Chr1	875001	900000	33989
Chr1	900001	925000	25522
Chr1	925001	950000	18250
Chr1	950001	975000	21188
Chr1	975001	1000000	18034
Chr1	1000001	1025000	4666
Chr1	1025001	1050000	19718
Chr1	1050001	1075000	31114
Chr1	1075001	1100000	5533
Chr1	1100001	1125000	9705
Chr1	1125001	1150000	9528
Chr1	1150001	1175000	8726
Chr1	1175001	1200000	36807
Chr1	1200001	1225000	26917
Chr1	1225001	1250000	36442
Chr1	1250001	1275000	35369
Chr1	1275001	1300000	18515
Chr1	1300001	1325000	11530
Chr1	1325001	1350000	33400
Chr1	1350001	1375000	20541
Chr1	1375001	1400000	54987
Chr1	1400001	1425000	43059
Chr1	1425001	1450000	40261
Chr1	1450001	1475000	26385
Chr1	1475001	1500000	30254
Chr1	1500001	1525000	8982
Chr1	1525001	1550000	188805
Chr1	1550001	1575000	114745
Chr1	1575001	1600000	12395
Chr1	1600001	1625000	23764
Chr1	1625001	1650000	50330
Chr1	1650001	1675000	7180
Chr1	1675001	1700000	21500
Chr1	1700001	1725000	34718
Chr1	1725001	1750000	5061
Chr1	1750001	1775000	18824
Chr1	1775001	1800000	7665
Chr1	1800001	1825000	10803
Chr1	1825001	1850000	8052
Chr1	1850001	1875000	44060
Chr1	1875001	1900000	25724
Chr1	1900001	1925000	25726
Chr1	1925001	1950000	27008
Chr1	1950001	1975000	11311
Chr1	1975001	2000000	5020
Chr1	2000001	2025000	10894
Chr1	2025001	2050000	31846
Chr1	2050001	2075000	23457
Chr1	2075001	2100000	11029
Chr1	2100001	2125000	11166
Chr1	2125001	2150000	17599
Chr1	2150001	2175000	13312
Chr1	2175001	2200000	10335
Chr1	2200001	2225000	23822
Chr1	2225001	2250000	18303
Chr1	2250001	2275000	30861
Chr1	2275001	2300000	20738
Chr1	2300001	2325000	26800
Chr1	2325001	2350000	38868
Chr1	2350001	2375000	20580
Chr1	2375001	2400000	21474
Chr1	2400001	2425000	15568
Chr1	2425001	2450000	17036
Chr1	2450001	2475000	18191
Chr1	2475001	2500000	53847
Chr1	2500001	2525000	100299
Chr1	2525001	2550000	76840
Chr1	2550001	2575000	106153
Chr1	2575001	2600000	8797
Chr1	2600001	2625000	138791
Chr1	2625001	2650000	20360
Chr1	2650001	2675000	19489
Chr1	2675001	2700000	7675
Chr1	2700001	2725000	13659
Chr1	2725001	2750000	98713
Chr1	2750001	2775000	20365
Chr1	2775001	2800000	47930
Chr1	2800001	2825000	65796
Chr1	2825001	2850000	33823
Chr1	2850001	2875000	16709
Chr1	2875001	2900000	20351
Chr1	2900001	2925000	14470
Chr1	2925001	2950000	10277
Chr1	2950001	2975000	36271
Chr1	2975001	3000000	12309
Chr1	3000001	3025000	19674
Chr1	3025001	3050000	20733
Chr1	3050001	3075000	11458
Chr1	3075001	3100000	11149
Chr1	3100001	3125000	5168
Chr1	3125001	3150000	35147
Chr1	3150001	3175000	4876
Chr1	3175001	3200000	12944
Chr1	3200001	3225000	6972
Chr1	3225001	3250000	45035
Chr1	3250001	3275000	50768
Chr1	3275001	3300000	19845
Chr1	3300001	3325000	6194
Chr1	3325001	3350000	41410
Chr1	3350001	3375000	47959
Chr1	3375001	3400000	13844
Chr1	3400001	3425000	5179
Chr1	3425001	3450000	3526
Chr1	3450001	3475000	16133
Chr1	3475001	3500000	16729
Chr1	3500001	3525000	139904
Chr1	3525001	3550000	37847
Chr1	3550001	3575000	46330
Chr1	3575001	3600000	4193
Chr1	3600001	3625000	6564
Chr1	3625001	3650000	34612
Chr1	3650001	3675000	19765
Chr1	3675001	3700000	25553
Chr1	3700001	3725000	11281
Chr1	3725001	3750000	22414
Chr1	3750001	3775000	17622
Chr1	3775001	3800000	22712
Chr1	3800001	3825000	26343
Chr1	3825001	3850000	13186
Chr1	3850001	3875000	15305
Chr1	3875001	3900000	19267
Chr1	3900001	3925000	47490
Chr1	3925001	3950000	10462
Chr1	3950001	3975000	41904
Chr1	3975001	4000000	10064
Chr1	4000001	4025000	16220
Chr1	4025001	4050000	17887
Chr1	4050001	4075000	9495
Chr1	4075001	4100000	28905
Chr1	4100001	4125000	45672
Chr1	4125001	4150000	25000
Chr1	4150001	4175000	11286
Chr1	4175001	4200000	43617
Chr1	4200001	4225000	33973
Chr1	4225001	4250000	39328
Chr1	4250001	4275000	14405
Chr1	4275001	4300000	96407
Chr1	4300001	4325000	31124
Chr1	4325001	4350000	11390
Chr1	4350001	4375000	14796
Chr1	4375001	4400000	28039
Chr1	4400001	4425000	11981
Chr1	4425001	4450000	34736
Chr1	4450001	4475000	62057
Chr1	4475001	4500000	55104
Chr1	4500001	4525000	26197
Chr1	4525001	4550000	9215
Chr1	4550001	4575000	55360
Chr1	4575001	4600000	13941
Chr1	4600001	4625000	13164
Chr1	4625001	4650000	38522
Chr1	4650001	4675000	21365
Chr1	4675001	4700000	24682
Chr1	4700001	4725000	111662
Chr1	4725001	4750000	43654
Chr1	4750001	4775000	10593
Chr1	4775001	4800000	17666
Chr1	4800001	4825000	21612
Chr1	4825001	4850000	16027
Chr1	4850001	4875000	11499
Chr1	4875001	4900000	12550
Chr1	4900001	4925000	7922
Chr1	4925001	4950000	7373
Chr1	4950001	4975000	20961
Chr1	4975001	5000000	29871
Chr1	5000001	5025000	6091
Chr1	5025001	5050000	16901
Chr1	5050001	5075000	23303
Chr1	5075001	5100000	8804
Chr1	5100001	5125000	17478
Chr1	5125001	5150000	49003
Chr1	5150001	5175000	5399
Chr1	5175001	5200000	13368
Chr1	5200001	5225000	11298
Chr1	5225001	5250000	10265
Chr1	5250001	5275000	26441
Chr1	5275001	5300000	20848
Chr1	5300001	5325000	2375
Chr1	5325001	5350000	19732
Chr1	5350001	5375000	11629
Chr1	5375001	5400000	9705
Chr1	5400001	5425000	8364
Chr1	5425001	5450000	5275
Chr1	5450001	5475000	24901
Chr1	5475001	5500000	3955
Chr1	5500001	5525000	14636
Chr1	5525001	5550000	9961
Chr1	5550001	5575000	88442
Chr1	5575001	5600000	5292
Chr1	5600001	5625000	15067
Chr1	5625001	5650000	85599
Chr1	5650001	5675000	35779
Chr1	5675001	5700000	973
Chr1	5700001	5725000	1910
Chr1	5725001	5750000	13118
Chr1	5750001	5775000	19218
Chr1	5775001	5800000	7868
Chr1	5800001	5825000	1469
Chr1	5825001	5850000	19300
Chr1	5850001	5875000	747
Chr1	5875001	5900000	3725
Chr1	5900001	5925000	4757
Chr1	5925001	5950000	1928
Chr1	5950001	5975000	2637
Chr1	5975001	6000000	1604
Chr1	6000001	6025000	60066
Chr1	6025001	6050000	16608
Chr1	6050001	6075000	14944
Chr1	6075001	6100000	32039
Chr1	6100001	6125000	6748
Chr1	6125001	6150000	9367
Chr1	6150001	6175000	29358
Chr1	6175001	6200000	28116
Chr1	6200001	6225000	25398
Chr1	6225001	6250000	32578
Chr1	6250001	6275000	11404
Chr1	6275001	6300000	9774
Chr1	6300001	6325000	27667
Chr1	6325001	6350000	14026
Chr1	6350001	6375000	12992
Chr1	6375001	6400000	14121
Chr1	6400001	6425000	85781
Chr1	6425001	6450000	12742
Chr1	6450001	6475000	47849
Chr1	6475001	6500000	46583
Chr1	6500001	6525000	28548
Chr1	6525001	6550000	40647
Chr1	6550001	6575000	3171
Chr1	6575001	6600000	44490
Chr1	6600001	6625000	36763
Chr1	6625001	6650000	20210
Chr1	6650001	6675000	25634
Chr1	6675001	6700000	82880
Chr1	6700001	6725000	107046
Chr1	6725001	6750000	13693
Chr1	6750001	6775000	115785
Chr1	6775001	6800000	11300
Chr1	6800001	6825000	19220
Chr1	6825001	6850000	99783
Chr1	6850001	6875000	23708
Chr1	6875001	6900000	22699
Chr1	6900001	6925000	17869
Chr1	6925001	6950000	491
Chr1	6950001	6975000	105381
Chr1	6975001	7000000	2649
Chr1	7000001	7025000	9022
Chr1	7025001	7050000	3091
Chr1	7050001	7075000	5145
Chr1	7075001	7100000	4034
Chr1	7100001	7125000	1032
Chr1	7125001	7150000	3917
Chr1	7150001	7175000	19516
Chr1	7175001	7200000	1237
Chr1	7200001	7225000	28099
Chr1	7225001	7250000	5145
Chr1	7250001	7275000	19872
Chr1	7275001	7300000	2572
Chr1	7300001	7325000	239543
Chr1	7325001	7350000	44201
Chr1	7350001	7375000	20655
Chr1	7375001	7400000	8595
Chr1	7400001	7425000	44501
Chr1	7425001	7450000	662
Chr1	7450001	7475000	4008
Chr1	7475001	7500000	24
Chr1	7500001	7525000	14857
Chr1	7525001	7550000	1938
Chr1	7550001	7575000	2780
Chr1	7575001	7600000	1488
Chr1	7600001	7625000	5930
Chr1	7625001	7650000	200
Chr1	7650001	7675000	4250
Chr1	7675001	7700000	1220
Chr1	7700001	7725000	1054
Chr1	7725001	7750000	23598
Chr1	7750001	7775000	16983
Chr1	7775001	7800000	1767
Chr1	7800001	7825000	3173
Chr1	7825001	7850000	2795
Chr1	7850001	7875000	17651
Chr1	7875001	7900000	29043
Chr1	7900001	7925000	15542
Chr1	7925001	7950000	23075
Chr1	7950001	7975000	18602
Chr1	7975001	8000000	20450
Chr1	8000001	8025000	90670
Chr1	8025001	8050000	27590
Chr1	8050001	8075000	63701
Chr1	8075001	8100000	83991
Chr1	8100001	8125000	44958
Chr1	8125001	8150000	12468
Chr1	8150001	8175000	5333
Chr1	8175001	8200000	25205
Chr1	8200001	8225000	6616
Chr1	8225001	8250000	44993
Chr1	8250001	8275000	31208
Chr1	8275001	8300000	238570
Chr1	8300001	8325000	28637
Chr1	8325001	8350000	179627
Chr1	8350001	8375000	22677
Chr1	8375001	8400000	8413
Chr1	8400001	8425000	3320
Chr1	8425001	8450000	4883
Chr1	8450001	8475000	1514
Chr1	8475001	8500000	14863
Chr1	8500001	8525000	6461
Chr1	8525001	8550000	12867
Chr1	8550001	8575000	13267
Chr1	8575001	8600000	50226
Chr1	8600001	8625000	4129
Chr1	8625001	8650000	13779
Chr1	8650001	8675000	24248
Chr1	8675001	8700000	25963
Chr1	8700001	8725000	15051
Chr1	8725001	8750000	24164
Chr1	8750001	8775000	19809
Chr1	8775001	8800000	14518
Chr1	8800001	8825000	4706
Chr1	8825001	8850000	13954
Chr1	8850001	8875000	15311
Chr1	8875001	8900000	7908
Chr1	8900001	8925000	147635
Chr1	8925001	8950000	37223
Chr1	8950001	8975000	23464
Chr1	8975001	9000000	20
Chr1	9000001	9025000	2000
Chr1	9025001	9050000	32826
Chr1	9050001	9075000	23370
Chr1	9075001	9100000	14974
Chr1	9100001	9125000	35319
Chr1	9125001	9150000	20749
Chr1	9150001	9175000	205261
Chr1	9175001	9200000	10531
Chr1	9200001	9225000	12954
Chr1	9225001	9250000	32494
Chr1	9250001	9275000	12958
Chr1	9275001	9300000	5010
Chr1	9300001	9325000	139767
Chr1	9325001	9350000	38199
Chr1	9350001	9375000	9669
Chr1	9375001	9400000	17048
Chr1	9400001	9425000	42427
Chr1	9425001	9450000	26646
Chr1	9450001	9475000	17800
Chr1	9475001	9500000	61943
Chr1	9500001	9525000	21968
Chr1	9525001	9550000	92891
Chr1	9550001	9575000	29078
Chr1	9575001	9600000	15117
Chr1	9600001	9625000	4484
Chr1	9625001	9650000	36933
Chr1	9650001	9675000	16645
Chr1	9675001	9700000	85037
Chr1	9700001	9725000	17077
Chr1	9725001	9750000	16941
Chr1	9750001	9775000	16762
Chr1	9775001	9800000	2190
Chr1	9800001	9825000	113082
Chr1	9825001	9850000	10043
Chr1	9850001	9875000	17350
Chr1	9875001	9900000	12265
Chr1	9900001	9925000	32254
Chr1	9925001	9950000	74066
Chr1	9950001	9975000	291023
Chr1	9975001	10000000	35043
Chr1	10000001	10025000	44497
Chr1	10025001	10050000	15405
Chr1	10050001	10075000	28451
Chr1	10075001	10100000	14083
Chr1	10100001	10125000	32541
Chr1	10125001	10150000	10806
Chr1	10150001	10175000	8434
Chr1	10175001	10200000	43048
Chr1	10200001	10225000	21920
Chr1	10225001	10250000	531940
Chr1	10250001	10275000	26980
Chr1	10275001	10300000	21354
Chr1	10300001	10325000	22913
Chr1	10325001	10350000	26841
Chr1	10350001	10375000	68535
Chr1	10375001	10400000	34968
Chr1	10400001	10425000	18985
Chr1	10425001	10450000	7411
Chr1	10450001	10475000	12963
Chr1	10475001	10500000	59785
Chr1	10500001	10525000	23505
Chr1	10525001	10550000	4066
Chr1	10550001	10575000	6688
Chr1	10575001	10600000	4095
Chr1	10600001	10625000	8851
Chr1	10625001	10650000	29722
Chr1	10650001	10675000	19871
Chr1	10675001	10700000	14426
Chr1	10700001	10725000	16248
Chr1	10725001	10750000	44899
Chr1	10750001	10775000	16189
Chr1	10775001	10800000	2372
Chr1	10800001	10825000	1190
Chr1	10825001	10850000	21013
Chr1	10850001	10875000	3447
Chr1	10875001	10900000	6514
Chr1	10900001	10925000	1102
Chr1	10925001	10950000	116
Chr1	10950001	10975000	4158
Chr1	10975001	11000000	922
Chr1	11000001	11025000	1412
Chr1	11025001	11050000	7728
Chr1	11050001	11075000	14697
Chr1	11075001	11100000	5643
Chr1	11100001	11125000	24179
Chr1	11125001	11150000	4195
Chr1	11150001	11175000	9221
Chr1	11175001	11200000	44482
Chr1	11200001	11225000	32785
Chr1	11225001	11250000	167251
Chr1	11250001	11275000	59808
Chr1	11275001	11300000	5872
Chr1	11300001	11325000	23273
Chr1	11325001	11350000	3092
Chr1	11350001	11375000	278
Chr1	11375001	11400000	809
Chr1	11400001	11425000	4345
Chr1	11425001	11450000	37714
Chr1	11450001	11475000	460
Chr1	11475001	11500000	4494
Chr1	11500001	11525000	1442
Chr1	11525001	11550000	3766
Chr1	11550001	11575000	180
Chr1	11575001	11600000	11703
Chr1	11600001	11625000	2065
Chr1	11625001	11650000	3913
Chr1	11650001	11675000	4772
Chr1	11675001	11700000	241
Chr1	11700001	11725000	251
Chr1	11725001	11750000	16
Chr1	11750001	11775000	0
Chr2	1	25000	1235
Chr2	25001	50000	2157
Chr2	50001	75000	148
Chr2	75001	100000	3727
Chr2	100001	125000	1562
Chr2	125001	150000	1665
Chr2	150001	175000	21864
Chr2	175001	200000	12908
Chr2	200001	225000	505
Chr2	225001	250000	1439
Chr2	250001	275000	1818
Chr2	275001	300000	6332
Chr2	300001	325000	3357
Chr2	325001	350000	941
Chr2	350001	375000	2098
Chr2	375001	400000	2155
Chr2	400001	425000	3665
Chr2	425001	450000	22727
Chr2	450001	475000	115575
Chr2	475001	500000	8728
Chr2	500001	525000	9303
Chr2	525001	550000	1193
Chr2	550001	575000	1447
Chr2	575001	600000	4852
Chr2	600001	625000	1314
Chr2	625001	650000	2206
Chr2	650001	675000	15220
Chr2	675001	700000	3840
Chr2	700001	725000	2627
Chr2	725001	750000	3309
Chr2	750001	775000	3031
Chr2	775001	800000	6256
Chr2	800001	825000	1982
Chr2	825001	850000	1527
Chr2	850001	875000	32501
Chr2	875001	900000	7123
Chr2	900001	925000	3567
Chr2	925001	950000	23472
Chr2	950001	975000	36420
Chr2	975001	1000000	48479
Chr2	1000001	1025000	18422
Chr2	1025001	1050000	11799
Chr2	1050001	1075000	8962
Chr2	1075001	1100000	12529
Chr2	1100001	1125000	2729
Chr2	1125001	1150000	553251
Chr2	1150001	1175000	12847
Chr2	1175001	1200000	9371
Chr2	1200001	1225000	4273
Chr2	1225001	1250000	7753
Chr2	1250001	1275000	23113
Chr2	1275001	1300000	180733
Chr2	1300001	1325000	3468
Chr2	1325001	1350000	13266
Chr2	1350001	1375000	43311
Chr2	1375001	1400000	13566
Chr2	1400001	1425000	68997
Chr2	1425001	1450000	50273
Chr2	1450001	1475000	44001
Chr2	1475001	1500000	65721
Chr2	1500001	1525000	23079
Chr2	1525001	1550000	6634
Chr2	1550001	1575000	23104
Chr2	1575001	1600000	9306
Chr2	1600001	1625000	21688
Chr2	1625001	1650000	8045
Chr2	1650001	1675000	20497
Chr2	1675001	1700000	15069
Chr2	1700001	1725000	14984
Chr2	1725001	1750000	21477
Chr2	1750001	1775000	20616
Chr2	1775001	1800000	24961
Chr2	1800001	1825000	30474
Chr2	1825001	1850000	29407
Chr2	1850001	1875000	10213
Chr2	1875001	1900000	12871
Chr2	1900001	1925000	21491
Chr2	1925001	1950000	13096
Chr2	1950001	1975000	116535
Chr2	1975001	2000000	139298
Chr2	2000001	2025000	12615
Chr2	2025001	2050000	17764
Chr2	2050001	2075000	56715
Chr2	2075001	2100000	9854
Chr2	2100001	2125000	33364
Chr2	2125001	2150000	9351
Chr2	2150001	2175000	27686
Chr2	2175001	2200000	49641
Chr2	2200001	2225000	35764
Chr2	2225001	2250000	16372
Chr2	2250001	2275000	23506
Chr2	2275001	2300000	44478
Chr2	2300001	2325000	41456
Chr2	2325001	2350000	16009
Chr2	2350001	2375000	10989
Chr2	2375001	2400000	35239
Chr2	2400001	2425000	36917
Chr2	2425001	2450000	60423
Chr2	2450001	2475000	17273
Chr2	2475001	2500000	216943
Chr2	2500001	2525000	97918
Chr2	2525001	2550000	11067
Chr2	2550001	2575000	78359
Chr2	2575001	2600000	32310
Chr2	2600001	2625000	42848
Chr2	2625001	2650000	23096
Chr2	2650001	2675000	22432
Chr2	2675001	2700000	2126
Chr2	2700001	2725000	10375
Chr2	2725001	2750000	112684
Chr2	2750001	2775000	17918
Chr2	2775001	2800000	8998
Chr2	2800001	2825000	1814
Chr2	2825001	2850000	3983
Chr2	2850001	2875000	32794
Chr2	2875001	2900000	39653
Chr2	2900001	2925000	8766
Chr2	2925001	2950000	14837
Chr2	2950001	2975000	25909
Chr2	2975001	3000000	22331
Chr2	3000001	3025000	14587
Chr2	3025001	3050000	16595
Chr2	3050001	3075000	10225
Chr2	3075001	3100000	5929
Chr2	3100001	3125000	14413
Chr2	3125001	3150000	11315
Chr2	3150001	3175000	11236
Chr2	3175001	3200000	17518
Chr2	3200001	3225000	19160
Chr2	3225001	3250000	10703
Chr2	3250001	3275000	9992
Chr2	3275001	3300000	18
Chr2	3300001	3325000	18
Chr2	3325001	3350000	12723
Chr2	3350001	3375000	22432
Chr2	3375001	3400000	7356
Chr2	3400001	3425000	14089
Chr2	3425001	3450000	14063
Chr2	3450001	3475000	268693
Chr2	3475001	3500000	32524
Chr2	3500001	3525000	5604
Chr2	3525001	3550000	50297
Chr2	3550001	3575000	1446
Chr2	3575001	3600000	13178
Chr2	3600001	3625000	3553
Chr2	3625001	3650000	7809
Chr2	3650001	3675000	3424
Chr2	3675001	3700000	1823
Chr2	3700001	3725000	112768
Chr2	3725001	3750000	5194
Chr2	3750001	3775000	19373
Chr2	3775001	3800000	19544
Chr2	3800001	3825000	3543
Chr2	3825001	3850000	3523
Chr2	3850001	3875000	53544
Chr2	3875001	3900000	13414
Chr2	3900001	3925000	175768
Chr2	3925001	3950000	5658
Chr2	3950001	3975000	682
Chr2	3975001	4000000	42666
Chr2	4000001	4025000	11871
Chr2	4025001	4050000	19897
Chr2	4050001	4075000	885
Chr2	4075001	4100000	6752
Chr2	4100001	4125000	21546
Chr2	4125001	4150000	13626
Chr2	4150001	4175000	10772
Chr2	4175001	4200000	3360
Chr2	4200001	4225000	3093
Chr2	4225001	4250000	2462
Chr2	4250001	4275000	6012
Chr2	4275001	4300000	30483
Chr2	4300001	4325000	25734
Chr2	4325001	4350000	1014
Chr2	4350001	4375000	4339
Chr2	4375001	4400000	6187
Chr2	4400001	4425000	3071
Chr2	4425001	4450000	5863
Chr2	4450001	4475000	6060
Chr2	4475001	4500000	11382
Chr2	4500001	4525000	3171
Chr2	4525001	4550000	2742
Chr2	4550001	4575000	14954
Chr2	4575001	4600000	4636
Chr2	4600001	4625000	7163
Chr2	4625001	4650000	20663
Chr2	4650001	4675000	4850
Chr2	4675001	4700000	10239
Chr2	4700001	4725000	12296
Chr2	4725001	4750000	11202
Chr2	4750001	4775000	9372
Chr2	4775001	4800000	16869
Chr2	4800001	4825000	13650
Chr2	4825001	4850000	1504
Chr2	4850001	4875000	11244
Chr2	4875001	4900000	15387
Chr2	4900001	4925000	3149
Chr2	4925001	4950000	2865
Chr2	4950001	4975000	3449
Chr2	4975001	5000000	4397
Chr2	5000001	5025000	2292
Chr2	5025001	5050000	7220
Chr2	5050001	5075000	81375
Chr2	5075001	5100000	530
Chr2	5100001	5125000	21687
Chr2	5125001	5150000	37067
Chr2	5150001	5175000	7146
Chr2	5175001	5200000	214775
Chr2	5200001	5225000	16111
Chr2	5225001	5250000	2807
Chr2	5250001	5275000	3954
Chr2	5275001	5300000	6198
Chr2	5300001	5325000	5529
Chr2	5325001	5350000	1050
Chr2	5350001	5375000	14250
Chr2	5375001	5400000	4889
Chr2	5400001	5425000	1543
Chr2	5425001	5450000	30226
Chr2	5450001	5475000	150995
Chr2	5475001	5500000	24206
Chr2	5500001	5525000	5460
Chr2	5525001	5550000	11745
Chr2	5550001	5575000	3146
Chr2	5575001	5600000	783
Chr2	5600001	5625000	1160
Chr2	5625001	5650000	7781
Chr2	5650001	5675000	10065
Chr2	5675001	5700000	1296
Chr2	5700001	5725000	1774
Chr2	5725001	5750000	24834
Chr2	5750001	5775000	10788
Chr2	5775001	5800000	7107
Chr2	5800001	5825000	15684
Chr2	5825001	5850000	936
Chr2	5850001	5875000	835
Chr2	5875001	5900000	16893
Chr2	5900001	5925000	2991
Chr2	5925001	5950000	136173
Chr2	5950001	5975000	65147
Chr2	5975001	6000000	15513
Chr2	6000001	6025000	6390
Chr2	6025001	6050000	6024
Chr2	6050001	6075000	23194
Chr2	6075001	6100000	21433
Chr2	6100001	6125000	16382
Chr2	6125001	6150000	62065
Chr2	6150001	6175000	31547
Chr2	6175001	6200000	5155
Chr2	6200001	6225000	15435
Chr2	6225001	6250000	20066
Chr2	6250001	6275000	1896
Chr2	6275001	6300000	10196
Chr2	6300001	6325000	29574
Chr2	6325001	6350000	12748
Chr2	6350001	6375000	21091
Chr2	6375001	6400000	10851
Chr2	6400001	6425000	31848
Chr2	6425001	6450000	5515
Chr2	6450001	6475000	19568
Chr2	6475001	6500000	143866
Chr2	6500001	6525000	1399
Chr2	6525001	6550000	10849
Chr2	6550001	6575000	15982
Chr2	6575001	6600000	8303
Chr2	6600001	6625000	69531
Chr2	6625001	6650000	27595
Chr2	6650001	6675000	19597
Chr2	6675001	6700000	5722
Chr2	6700001	6725000	36296
Chr2	6725001	6750000	13310
Chr2	6750001	6775000	46717
Chr2	6775001	6800000	3621
Chr2	6800001	6825000	10768
Chr2	6825001	6850000	14245
Chr2	6850001	6875000	5647
Chr2	6875001	6900000	18824
Chr2	6900001	6925000	86080
Chr2	6925001	6950000	18505
Chr2	6950001	6975000	22969
Chr2	6975001	7000000	20675
Chr2	7000001	7025000	24453
Chr2	7025001	7050000	35179
Chr2	7050001	7075000	11558
Chr2	7075001	7100000	35150
Chr2	7100001	7125000	9339
Chr2	7125001	7150000	7373
Chr2	7150001	7175000	5585
Chr2	7175001	7200000	17324
Chr2	7200001	7225000	52636
Chr2	7225001	7250000	7207
Chr2	7250001	7275000	16735
Chr2	7275001	7300000	15670
Chr2	7300001	7325000	61086
Chr2	7325001	7350000	2591
Chr2	7350001	7375000	22521
Chr2	7375001	7400000	37739
Chr2	7400001	7425000	2625
Chr2	7425001	7450000	12368
Chr2	7450001	7475000	6160
Chr2	7475001	7500000	27502
Chr2	7500001	7525000	109609
Chr2	7525001	7550000	10177
Chr2	7550001	7575000	25688
Chr2	7575001	7600000	27267
Chr2	7600001	7625000	54775
Chr2	7625001	7650000	4520
Chr2	7650001	7675000	8660
Chr2	7675001	7700000	16611
Chr2	7700001	7725000	11915
Chr2	7725001	7750000	20159
Chr2	7750001	7775000	143056
Chr2	7775001	7800000	27261
Chr2	7800001	7825000	9339
Chr2	7825001	7850000	15671
Chr2	7850001	7875000	7281
Chr2	7875001	7900000	31904
Chr2	7900001	7925000	7013
Chr2	7925001	7950000	13633
Chr2	7950001	7975000	16052
Chr2	7975001	8000000	14686
Chr2	8000001	8025000	3104
Chr2	8025001	8050000	3560
Chr2	8050001	8075000	4535
Chr2	8075001	8100000	301482
Chr2	8100001	8125000	5603
Chr2	8125001	8150000	2333
Chr2	8150001	8175000	28747
Chr2	8175001	8200000	14682
Chr2	8200001	8225000	8256
Chr2	8225001	8250000	1397
Chr2	8250001	8275000	3406
Chr2	8275001	8300000	1094
Chr2	8300001	8325000	5864
Chr2	8325001	8350000	1423
Chr2	8350001	8375000	15627
Chr2	8375001	8400000	13978
Chr2	8400001	8425000	22495
Chr2	8425001	8450000	4351
Chr2	8450001	8475000	14055
Chr2	8475001	8500000	7402
Chr2	8500001	8525000	1835
Chr2	8525001	8550000	1889
Chr2	8550001	8575000	4358
Chr2	8575001	8600000	1151
Chr2	8600001	8625000	10626
Chr2	8625001	8650000	106887
Chr2	8650001	8675000	236
Chr2	8675001	8700000	4406
Chr2	8700001	8725000	545
Chr2	8725001	8750000	1296
Chr2	8750001	8775000	2003
Chr2	8775001	8800000	1556
Chr2	8800001	8825000	2285
Chr2	8825001	8850000	4539
Chr2	8850001	8875000	1105
Chr2	8875001	8900000	2374
Chr2	8900001	8925000	302
Chr2	8925001	8950000	354
Chr2	8950001	8975000	398
Chr2	8975001	9000000	0
Chr3	1	25000	1636
Chr3	25001	50000	366
Chr3	50001	75000	111
Chr3	75001	100000	4847
Chr3	100001	125000	1425
Chr3	125001	150000	6989
Chr3	150001	175000	6355
Chr3	175001	200000	5550
Chr3	200001	225000	5385
Chr3	225001	250000	178368
Chr3	250001	275000	28933
Chr3	275001	300000	22436
Chr3	300001	325000	1526
Chr3	325001	350000	5108
Chr3	350001	375000	1010
Chr3	375001	400000	86487
Chr3	400001	425000	2779
Chr3	425001	450000	1371
Chr3	450001	475000	491
Chr3	475001	500000	859
Chr3	500001	525000	824
Chr3	525001	550000	120954
Chr3	550001	575000	39030
Chr3	575001	600000	3673
Chr3	600001	625000	37708
Chr3	625001	650000	22956
Chr3	650001	675000	19642
Chr3	675001	700000	15814
Chr3	700001	725000	90874
Chr3	725001	750000	76630
Chr3	750001	775000	2377
Chr3	775001	800000	11576
Chr3	800001	825000	8932
Chr3	825001	850000	18852
Chr3	850001	875000	34785
Chr3	875001	900000	11806
Chr3	900001	925000	2517
Chr3	925001	950000	10378
Chr3	950001	975000	16853
Chr3	975001	1000000	15256
Chr3	1000001	1025000	11902
Chr3	1025001	1050000	38098
Chr3	1050001	1075000	13508
Chr3	1075001	1100000	8259
Chr3	1100001	1125000	13933
Chr3	1125001	1150000	20309
Chr3	1150001	1175000	9004
Chr3	1175001	1200000	6514
Chr3	1200001	1225000	4049
Chr3	1225001	1250000	12746
Chr3	1250001	1275000	24153
Chr3	1275001	1300000	24467
Chr3	1300001	1325000	9331
Chr3	1325001	1350000	94376
Chr3	1350001	1375000	49649
Chr3	1375001	1400000	60252
Chr3	1400001	1425000	73835
Chr3	1425001	1450000	104406
Chr3	1450001	1475000	13557
Chr3	1475001	1500000	14742
Chr3	1500001	1525000	36216
Chr3	1525001	1550000	16866
Chr3	1550001	1575000	10627
Chr3	1575001	1600000	4929
Chr3	1600001	1625000	11171
Chr3	1625001	1650000	18790
Chr3	1650001	1675000	12363
Chr3	1675001	1700000	24610
Chr3	1700001	1725000	5412
Chr3	1725001	1750000	9027
Chr3	1750001	1775000	8737
Chr3	1775001	1800000	13653
Chr3	1800001	1825000	7676
Chr3	1825001	1850000	36489
Chr3	1850001	1875000	4206
Chr3	1875001	1900000	11154
Chr3	1900001	1925000	4155
Chr3	1925001	1950000	10499
Chr3	1950001	1975000	27441
Chr3	1975001	2000000	6053
Chr3	2000001	2025000	7301
Chr3	2025001	2050000	9385
Chr3	2050001	2075000	32425
Chr3	2075001	2100000	31121
Chr3	2100001	2125000	9940
Chr3	2125001	2150000	11825
Chr3	2150001	2175000	24659
Chr3	2175001	2200000	17427
Chr3	2200001	2225000	8486
Chr3	2225001	2250000	15277
Chr3	2250001	2275000	31182
Chr3	2275001	2300000	14187
Chr3	2300001	2325000	18003
Chr3	2325001	2350000	62286
Chr3	2350001	2375000	5959
Chr3	2375001	2400000	4671
Chr3	2400001	2425000	61176
Chr3	2425001	2450000	9052
Chr3	2450001	2475000	21994
Chr3	2475001	2500000	17129
Chr3	2500001	2525000	11655
Chr3	2525001	2550000	6543
Chr3	2550001	2575000	16898
Chr3	2575001	2600000	18838
Chr3	2600001	2625000	23019
Chr3	2625001	2650000	7759
Chr3	2650001	2675000	96181
Chr3	2675001	2700000	7710
Chr3	2700001	2725000	30185
Chr3	2725001	2750000	13304
Chr3	2750001	2775000	7852
Chr3	2775001	2800000	9135
Chr3	2800001	2825000	38242
Chr3	2825001	2850000	33211
Chr3	2850001	2875000	30003
Chr3	2875001	2900000	36195
Chr3	2900001	2925000	31709
Chr3	2925001	2950000	17803
Chr3	2950001	2975000	60514
Chr3	2975001	3000000	91891
Chr3	3000001	3025000	17752
Chr3	3025001	3050000	7681
Chr3	3050001	3075000	10548
Chr3	3075001	3100000	7573
Chr3	3100001	3125000	15863
Chr3	3125001	3150000	10285
Chr3	3150001	3175000	4486
Chr3	3175001	3200000	21020
Chr3	3200001	3225000	15431
Chr3	3225001	3250000	12632
Chr3	3250001	3275000	5371
Chr3	3275001	3300000	7183
Chr3	3300001	3325000	14909
Chr3	3325001	3350000	16753
Chr3	3350001	3375000	14301
Chr3	3375001	3400000	24744
Chr3	3400001	3425000	26035
Chr3	3425001	3450000	6726
Chr3	3450001	3475000	839
Chr3	3475001	3500000	15405
Chr3	3500001	3525000	1406
Chr3	3525001	3550000	58783
Chr3	3550001	3575000	33050
Chr3	3575001	3600000	10214
Chr3	3600001	3625000	6443
Chr3	3625001	3650000	3285
Chr3	3650001	3675000	8285
Chr3	3675001	3700000	15148
Chr3	3700001	3725000	7578
Chr3	3725001	3750000	27450
Chr3	3750001	3775000	12951
Chr3	3775001	3800000	171886
Chr3	3800001	3825000	6896
Chr3	3825001	3850000	13863
Chr3	3850001	3875000	6548
Chr3	3875001	3900000	13567
Chr3	3900001	3925000	5589
Chr3	3925001	3950000	68939
Chr3	3950001	3975000	12505
Chr3	3975001	4000000	15710
Chr3	4000001	4025000	22877
Chr3	4025001	4050000	23974
Chr3	4050001	4075000	72858
Chr3	4075001	4100000	13637
Chr3	4100001	4125000	31530
Chr3	4125001	4150000	17596
Chr3	4150001	4175000	106002
Chr3	4175001	4200000	149370
Chr3	4200001	4225000	17252
Chr3	4225001	4250000	19913
Chr3	4250001	4275000	6769
Chr3	4275001	4300000	12943
Chr3	4300001	4325000	7372
Chr3	4325001	4350000	29180
Chr3	4350001	4375000	76333
Chr3	4375001	4400000	9177
Chr3	4400001	4425000	7701
Chr3	4425001	4450000	8121
Chr3	4450001	4475000	9504
Chr3	4475001	4500000	13114
Chr3	4500001	4525000	19300
Chr3	4525001	4550000	21093
Chr3	4550001	4575000	11304
Chr3	4575001	4600000	13157
Chr3	4600001	4625000	16343
Chr3	4625001	4650000	11615
Chr3	4650001	4675000	15780
Chr3	4675001	4700000	34928
Chr3	4700001	4725000	12720
Chr3	4725001	4750000	22985
Chr3	4750001	4775000	11741
Chr3	4775001	4800000	14115
Chr3	4800001	4825000	115290
Chr3	4825001	4850000	33941
Chr3	4850001	4875000	14921
Chr3	4875001	4900000	16992
Chr3	4900001	4925000	8104
Chr3	4925001	4950000	9216
Chr3	4950001	4975000	12324
Chr3	4975001	5000000	16056
Chr3	5000001	5025000	19935
Chr3	5025001	5050000	95734
Chr3	5050001	5075000	16201
Chr3	5075001	5100000	11615
Chr3	5100001	5125000	17659
Chr3	5125001	5150000	15591
Chr3	5150001	5175000	84978
Chr3	5175001	5200000	24354
Chr3	5200001	5225000	12401
Chr3	5225001	5250000	17613
Chr3	5250001	5275000	9456
Chr3	5275001	5300000	18104
Chr3	5300001	5325000	17511
Chr3	5325001	5350000	15775
Chr3	5350001	5375000	175
Chr3	5375001	5400000	164
Chr3	5400001	5425000	8493
Chr3	5425001	5450000	11649
Chr3	5450001	5475000	24026
Chr3	5475001	5500000	93135
Chr3	5500001	5525000	12875
Chr3	5525001	5550000	43385
Chr3	5550001	5575000	40026
Chr3	5575001	5600000	5083
Chr3	5600001	5625000	61237
Chr3	5625001	5650000	44778
Chr3	5650001	5675000	19146
Chr3	5675001	5700000	8404
Chr3	5700001	5725000	41122
Chr3	5725001	5750000	34485
Chr3	5750001	5775000	6838
Chr3	5775001	5800000	27328
Chr3	5800001	5825000	20284
Chr3	5825001	5850000	7379
Chr3	5850001	5875000	15684
Chr3	5875001	5900000	99663
Chr3	5900001	5925000	20208
Chr3	5925001	5950000	20966
Chr3	5950001	5975000	11569
Chr3	5975001	6000000	16760
Chr3	6000001	6025000	8505
Chr3	6025001	6050000	14617
Chr3	6050001	6075000	162316
Chr3	6075001	6100000	4686
Chr3	6100001	6125000	12272
Chr3	6125001	6150000	6964
Chr3	6150001	6175000	23840
Chr3	6175001	6200000	7651
Chr3	6200001	6225000	26189
Chr3	6225001	6250000	44816
Chr3	6250001	6275000	24540
Chr3	6275001	6300000	425
Chr3	6300001	6325000	35
Chr3	6325001	6350000	977
Chr3	6350001	6375000	10119
Chr3	6375001	6400000	1159
Chr3	6400001	6425000	88118
Chr3	6425001	6450000	19412
Chr3	6450001	6475000	1188
Chr3	6475001	6500000	3973
Chr3	6500001	6525000	3944
Chr3	6525001	6550000	18711
Chr3	6550001	6575000	3695
Chr3	6575001	6600000	2925
Chr3	6600001	6625000	3360
Chr3	6625001	6650000	408
Chr3	6650001	6675000	21939
Chr3	6675001	6700000	27354
Chr3	6700001	6725000	8820
Chr3	6725001	6750000	4343
Chr3	6750001	6775000	1878
Chr3	6775001	6800000	75081
Chr3	6800001	6825000	11208
Chr3	6825001	6850000	2884
Chr3	6850001	6875000	2667
Chr3	6875001	6900000	18483
Chr3	6900001	6925000	4753
Chr3	6925001	6950000	3733
Chr3	6950001	6975000	4152
Chr3	6975001	7000000	21436
Chr3	7000001	7025000	669
Chr3	7025001	7050000	837
Chr3	7050001	7075000	198256
Chr3	7075001	7100000	1968
Chr3	7100001	7125000	5337
Chr3	7125001	7150000	1027
Chr3	7150001	7175000	10113
Chr3	7175001	7200000	1996
Chr3	7200001	7225000	1291
Chr3	7225001	7250000	2649
Chr3	7250001	7275000	1066
Chr3	7275001	7300000	2666
Chr3	7300001	7325000	4143
Chr3	7325001	7350000	212
Chr3	7350001	7375000	3591
Chr3	7375001	7400000	1992
Chr3	7400001	7425000	7215
Chr3	7425001	7450000	1978
Chr3	7450001	7475000	406
Chr3	7475001	7500000	3660
Chr3	7500001	7525000	5135
Chr3	7525001	7550000	1515
Chr3	7550001	7575000	390
Chr3	7575001	7600000	2447
Chr3	7600001	7625000	688
Chr3	7625001	7650000	12362
Chr3	7650001	7675000	33843
Chr3	7675001	7700000	837
Chr3	7700001	7725000	129
Chr3	7725001	7750000	238
Chr3	7750001	7775000	8760
Chr3	7775001	7800000	0
Chr4	1	25000	3368
Chr4	25001	50000	386
Chr4	50001	75000	423
Chr4	75001	100000	161
Chr4	100001	125000	413
Chr4	125001	150000	430
Chr4	150001	175000	22443
Chr4	175001	200000	7889
Chr4	200001	225000	1109
Chr4	225001	250000	37303
Chr4	250001	275000	10078
Chr4	275001	300000	33004
Chr4	300001	325000	3655
Chr4	325001	350000	16956
Chr4	350001	375000	10487
Chr4	375001	400000	8559
Chr4	400001	425000	16630
Chr4	425001	450000	43664
Chr4	450001	475000	5759
Chr4	475001	500000	14605
Chr4	500001	525000	16317
Chr4	525001	550000	15246
Chr4	550001	575000	47348
Chr4	575001	600000	11916
Chr4	600001	625000	12696
Chr4	625001	650000	7824
Chr4	650001	675000	18483
Chr4	675001	700000	11168
Chr4	700001	725000	27622
Chr4	725001	750000	3113
Chr4	750001	775000	13486
Chr4	775001	800000	21034
Chr4	800001	825000	16596
Chr4	825001	850000	101819
Chr4	850001	875000	19016
Chr4	875001	900000	385181
Chr4	900001	925000	23789
Chr4	925001	950000	41716
Chr4	950001	975000	32577
Chr4	975001	1000000	19079
Chr4	1000001	1025000	9434
Chr4	1025001	1050000	37906
Chr4	1050001	1075000	21913
Chr4	1075001	1100000	3129
Chr4	1100001	1125000	11038
Chr4	1125001	1150000	12477
Chr4	1150001	1175000	12382
Chr4	1175001	1200000	6604
Chr4	1200001	1225000	4257
Chr4	1225001	1250000	4740
Chr4	1250001	1275000	17300
Chr4	1275001	1300000	30107
Chr4	1300001	1325000	9849
Chr4	1325001	1350000	9100
Chr4	1350001	1375000	89624
Chr4	1375001	1400000	88601
Chr4	1400001	1425000	104024
Chr4	1425001	1450000	48020
Chr4	1450001	1475000	21627
Chr4	1475001	1500000	10244
Chr4	1500001	1525000	31961
Chr4	1525001	1550000	35548
Chr4	1550001	1575000	29848
Chr4	1575001	1600000	37089
Chr4	1600001	1625000	41984
Chr4	1625001	1650000	10353
Chr4	1650001	1675000	15480
Chr4	1675001	1700000	41666
Chr4	1700001	1725000	15815
Chr4	1725001	1750000	33492
Chr4	1750001	1775000	18950
Chr4	1775001	1800000	14946
Chr4	1800001	1825000	15138
Chr4	1825001	1850000	11374
Chr4	1850001	1875000	11018
Chr4	1875001	1900000	7661
Chr4	1900001	1925000	8487
Chr4	1925001	1950000	2826
Chr4	1950001	1975000	6906
Chr4	1975001	2000000	17124
Chr4	2000001	2025000	27515
Chr4	2025001	2050000	14839
Chr4	2050001	2075000	5527
Chr4	2075001	2100000	16593
Chr4	2100001	2125000	43327
Chr4	2125001	2150000	12412
Chr4	2150001	2175000	13838
Chr4	2175001	2200000	36621
Chr4	2200001	2225000	11648
Chr4	2225001	2250000	53045
Chr4	2250001	2275000	18613
Chr4	2275001	2300000	12509
Chr4	2300001	2325000	11217
Chr4	2325001	2350000	15914
Chr4	2350001	2375000	8682
Chr4	2375001	2400000	15072
Chr4	2400001	2425000	67862
Chr4	2425001	2450000	20113
Chr4	2450001	2475000	39694
Chr4	2475001	2500000	4841
Chr4	2500001	2525000	9957
Chr4	2525001	2550000	76123
Chr4	2550001	2575000	3079
Chr4	2575001	2600000	58947
Chr4	2600001	2625000	11188
Chr4	2625001	2650000	5148
Chr4	2650001	2675000	23706
Chr4	2675001	2700000	11626
Chr4	2700001	2725000	11598
Chr4	2725001	2750000	20566
Chr4	2750001	2775000	18516
Chr4	2775001	2800000	11049
Chr4	2800001	2825000	3885
Chr4	2825001	2850000	22851
Chr4	2850001	2875000	17783
Chr4	2875001	2900000	10329
Chr4	2900001	2925000	14176
Chr4	2925001	2950000	5928
Chr4	2950001	2975000	8418
Chr4	2975001	3000000	15771
Chr4	3000001	3025000	13120
Chr4	3025001	3050000	20793
Chr4	3050001	3075000	8552
Chr4	3075001	3100000	27923
Chr4	3100001	3125000	12862
Chr4	3125001	3150000	14990
Chr4	3150001	3175000	21003
Chr4	3175001	3200000	38989
Chr4	3200001	3225000	4707
Chr4	3225001	3250000	18037
Chr4	3250001	3275000	3540
Chr4	3275001	3300000	40019
Chr4	3300001	3325000	18368
Chr4	3325001	3350000	5722
Chr4	3350001	3375000	12347
Chr4	3375001	3400000	16495
Chr4	3400001	3425000	10087
Chr4	3425001	3450000	12134
Chr4	3450001	3475000	31104
Chr4	3475001	3500000	15738
Chr4	3500001	3525000	15582
Chr4	3525001	3550000	29751
Chr4	3550001	3575000	23177
Chr4	3575001	3600000	8296
Chr4	3600001	3625000	21186
Chr4	3625001	3650000	25580
Chr4	3650001	3675000	101342
Chr4	3675001	3700000	9896
Chr4	3700001	3725000	10563
Chr4	3725001	3750000	8036
Chr4	3750001	3775000	26431
Chr4	3775001	3800000	253928
Chr4	3800001	3825000	20001
Chr4	3825001	3850000	2508
Chr4	3850001	3875000	30333
Chr4	3875001	3900000	20052
Chr4	3900001	3925000	7037
Chr4	3925001	3950000	13303
Chr4	3950001	3975000	7791
Chr4	3975001	4000000	6327
Chr4	4000001	4025000	14226
Chr4	4025001	4050000	2460
Chr4	4050001	4075000	2734
Chr4	4075001	4100000	1135
Chr4	4100001	4125000	9769
Chr4	4125001	4150000	4903
Chr4	4150001	4175000	25561
Chr4	4175001	4200000	11077
Chr4	4200001	4225000	5453
Chr4	4225001	4250000	4478
Chr4	4250001	4275000	2842
Chr4	4275001	4300000	1094
Chr4	4300001	4325000	287
Chr4	4325001	4350000	962
Chr4	4350001	4375000	2086
Chr4	4375001	4400000	1283
Chr4	4400001	4425000	182
Chr4	4425001	4450000	7068
Chr4	4450001	4475000	1609
Chr4	4475001	4500000	4268
Chr4	4500001	4525000	3885
Chr4	4525001	4550000	245
Chr4	4550001	4575000	146
Chr4	4575001	4600000	9115
Chr4	4600001	4625000	230963
Chr4	4625001	4650000	31314
Chr4	4650001	4675000	5349
Chr4	4675001	4700000	21135
Chr4	4700001	4725000	42524
Chr4	4725001	4750000	42475
Chr4	4750001	4775000	18115
Chr4	4775001	4800000	14784
Chr4	4800001	4825000	9377
Chr4	4825001	4850000	2913
Chr4	4850001	4875000	38796
Chr4	4875001	4900000	83955
Chr4	4900001	4925000	14499
Chr4	4925001	4950000	12150
Chr4	4950001	4975000	19078
Chr4	4975001	5000000	29770
Chr4	5000001	5025000	17748
Chr4	5025001	5050000	17331
Chr4	5050001	5075000	80
Chr4	5075001	5100000	6
Chr4	5100001	5125000	45851
Chr4	5125001	5150000	15977
Chr4	5150001	5175000	34499
Chr4	5175001	5200000	92255
Chr4	5200001	5225000	24527
Chr4	5225001	5250000	9385
Chr4	5250001	5275000	11082
Chr4	5275001	5300000	6963
Chr4	5300001	5325000	26053
Chr4	5325001	5350000	22345
Chr4	5350001	5375000	9803
Chr4	5375001	5400000	12190
Chr4	5400001	5425000	6683
Chr4	5425001	5450000	5603
Chr4	5450001	5475000	14219
Chr4	5475001	5500000	8338
Chr4	5500001	5525000	42786
Chr4	5525001	5550000	29741
Chr4	5550001	5575000	12069
Chr4	5575001	5600000	25174
Chr4	5600001	5625000	40795
Chr4	5625001	5650000	4261
Chr4	5650001	5675000	32189
Chr4	5675001	5700000	39762
Chr4	5700001	5725000	10397
Chr4	5725001	5750000	13493
Chr4	5750001	5775000	30870
Chr4	5775001	5800000	13414
Chr4	5800001	5825000	11010
Chr4	5825001	5850000	15832
Chr4	5850001	5875000	23647
Chr4	5875001	5900000	8775
Chr4	5900001	5925000	30041
Chr4	5925001	5950000	68226
Chr4	5950001	5975000	14139
Chr4	5975001	6000000	5981
Chr4	6000001	6025000	35452
Chr4	6025001	6050000	24188
Chr4	6050001	6075000	61476
Chr4	6075001	6100000	14486
Chr4	6100001	6125000	12347
Chr4	6125001	6150000	179701
Chr4	6150001	6175000	18004
Chr4	6175001	6200000	37366
Chr4	6200001	6225000	14151
Chr4	6225001	6250000	50216
Chr4	6250001	6275000	17326
Chr4	6275001	6300000	20403
Chr4	6300001	6325000	24963
Chr4	6325001	6350000	21415
Chr4	6350001	6375000	20063
Chr4	6375001	6400000	8955
Chr4	6400001	6425000	12677
Chr4	6425001	6450000	5943
Chr4	6450001	6475000	32043
Chr4	6475001	6500000	6538
Chr4	6500001	6525000	6016
Chr4	6525001	6550000	1728
Chr4	6550001	6575000	24425
Chr4	6575001	6600000	24077
Chr4	6600001	6625000	8725
Chr4	6625001	6650000	9935
Chr4	6650001	6675000	3991
Chr4	6675001	6700000	26137
Chr4	6700001	6725000	5653
Chr4	6725001	6750000	12803
Chr4	6750001	6775000	107705
Chr4	6775001	6800000	37406
Chr4	6800001	6825000	15011
Chr4	6825001	6850000	20187
Chr4	6850001	6875000	29597
Chr4	6875001	6900000	30000
Chr4	6900001	6925000	21360
Chr4	6925001	6950000	12224
Chr4	6950001	6975000	14466
Chr4	6975001	7000000	18799
Chr4	7000001	7025000	11465
Chr4	7025001	7050000	47254
Chr4	7050001	7075000	24912
Chr4	7075001	7100000	12035
Chr4	7100001	7125000	67471
Chr4	7125001	7150000	8833
Chr4	7150001	7175000	17962
Chr4	7175001	7200000	11606
Chr4	7200001	7225000	12768
Chr4	7225001	7250000	14074
Chr4	7250001	7275000	18173
Chr4	7275001	7300000	113856
Chr4	7300001	7325000	17096
Chr4	7325001	7350000	4337
Chr4	7350001	7375000	13722
Chr4	7375001	7400000	7333
Chr4	7400001	7425000	12862
Chr4	7425001	7450000	150843
Chr4	7450001	7475000	5409
Chr4	7475001	7500000	3103
Chr4	7500001	7525000	3018
Chr4	7525001	7550000	2598
Chr4	7550001	7575000	310
Chr4	7575001	7600000	2656
Chr4	7600001	7625000	1109
Chr4	7625001	7650000	9844
Chr4	7650001	7675000	2515
Chr4	7675001	7700000	3803
Chr4	7700001	7725000	1572
Chr4	7725001	7750000	22893
Chr4	7750001	7775000	2710
Chr4	7775001	7800000	6761
Chr4	7800001	7825000	18725
Chr4	7825001	7850000	28390
Chr4	7850001	7875000	17873
Chr4	7875001	7900000	10454
Chr4	7900001	7925000	33381
Chr4	7925001	7950000	15024
Chr4	7950001	7975000	6329
Chr4	7975001	8000000	6737
Chr4	8000001	8025000	6654
Chr4	8025001	8050000	0
Chr4	8050001	8075000	0
Chr4	8075001	8100000	0
Chr4	8100001	8125000	0
Chr4	8125001	8150000	0
Chr4	8150001	8175000	0
Chr4	8175001	8200000	0
Chr4	8200001	8225000	0
Chr4	8225001	8250000	0
Chr4	8250001	8275000	0
Chr4	8275001	8300000	0
Chr4	8300001	8325000	0
Chr4	8325001	8350000	0
Chr4	8350001	8375000	0
Chr4	8375001	8400000	0
Chr4	8400001	8425000	0
Chr4	8425001	8450000	0
Chr4	8450001	8475000	0
Chr4	8475001	8500000	0
Chr4	8500001	8525000	0
Chr4	8525001	8550000	0
Chr4	8550001	8575000	0
Chr4	8575001	8600000	0
Chr4	8600001	8625000	0
Chr4	8625001	8650000	0
Chr4	8650001	8675000	0
Chr4	8675001	8700000	0
Chr4	8700001	8725000	0
Chr4	8725001	8750000	0
Chr4	8750001	8775000	0
Chr4	8775001	8800000	0
Chr4	8800001	8825000	0
Chr4	8825001	8850000	0
Chr4	8850001	8875000	0
Chr4	8875001	8900000	0
Chr4	8900001	8925000	0
Chr4	8925001	8950000	0
Chr4	8950001	8975000	0
Chr4	8975001	9000000	0
Chr4	9000001	9025000	0
Chr4	9025001	9050000	0
Chr4	9050001	9075000	0
Chr4	9075001	9100000	0
Chr4	9100001	9125000	0
Chr4	9125001	9150000	0
Chr4	9150001	9175000	0
Chr4	9175001	9200000	0
Chr4	9200001	9225000	0
Chr4	9225001	9250000	0
Chr4	9250001	9275000	0
Chr4	9275001	9300000	0
Chr4	9300001	9325000	0
Chr4	9325001	9350000	0
Chr4	9350001	9375000	0
Chr4	9375001	9400000	80
Chr4	9400001	9425000	11
