Chr1	1	25000	188
Chr1	25001	50000	372
Chr1	50001	75000	9138
Chr1	75001	100000	3920
Chr1	100001	125000	2040
Chr1	125001	150000	1496
Chr1	150001	175000	694
Chr1	175001	200000	158
Chr1	200001	225000	2014
Chr1	225001	250000	616
Chr1	250001	275000	66144
Chr1	275001	300000	14318
Chr1	300001	325000	702
Chr1	325001	350000	12624
Chr1	350001	375000	11544
Chr1	375001	400000	9126
Chr1	400001	425000	1358
Chr1	425001	450000	784
Chr1	450001	475000	11332
Chr1	475001	500000	184
Chr1	500001	525000	13956
Chr1	525001	550000	3556
Chr1	550001	575000	28128
Chr1	575001	600000	15504
Chr1	600001	625000	15602
Chr1	625001	650000	65326
Chr1	650001	675000	1904
Chr1	675001	700000	1622
Chr1	700001	725000	31042
Chr1	725001	750000	9574
Chr1	750001	775000	6760
Chr1	775001	800000	4550
Chr1	800001	825000	9200
Chr1	825001	850000	6644
Chr1	850001	875000	13394
Chr1	875001	900000	11088
Chr1	900001	925000	22490
Chr1	925001	950000	25664
Chr1	950001	975000	34350
Chr1	975001	1000000	22666
Chr1	1000001	1025000	9680
Chr1	1025001	1050000	36964
Chr1	1050001	1075000	8092
Chr1	1075001	1100000	2708
Chr1	1100001	1125000	19022
Chr1	1125001	1150000	17028
Chr1	1150001	1175000	12532
Chr1	1175001	1200000	20574
Chr1	1200001	1225000	37912
Chr1	1225001	1250000	38688
Chr1	1250001	1275000	79634
Chr1	1275001	1300000	22968
Chr1	1300001	1325000	8324
Chr1	1325001	1350000	28438
Chr1	1350001	1375000	47824
Chr1	1375001	1400000	19332
Chr1	1400001	1425000	8284
Chr1	1425001	1450000	20894
Chr1	1450001	1475000	12438
Chr1	1475001	1500000	29498
Chr1	1500001	1525000	21956
Chr1	1525001	1550000	9308
Chr1	1550001	1575000	161946
Chr1	1575001	1600000	14992
Chr1	1600001	1625000	24938
Chr1	1625001	1650000	41618
Chr1	1650001	1675000	8528
Chr1	1675001	1700000	24162
Chr1	1700001	1725000	8236
Chr1	1725001	1750000	4926
Chr1	1750001	1775000	39690
Chr1	1775001	1800000	21550
Chr1	1800001	1825000	12986
Chr1	1825001	1850000	15142
Chr1	1850001	1875000	11078
Chr1	1875001	1900000	21982
Chr1	1900001	1925000	8308
Chr1	1925001	1950000	33056
Chr1	1950001	1975000	10626
Chr1	1975001	2000000	5848
Chr1	2000001	2025000	51612
Chr1	2025001	2050000	83264
Chr1	2050001	2075000	46516
Chr1	2075001	2100000	10988
Chr1	2100001	2125000	19274
Chr1	2125001	2150000	13714
Chr1	2150001	2175000	58812
Chr1	2175001	2200000	12122
Chr1	2200001	2225000	26448
Chr1	2225001	2250000	5176
Chr1	2250001	2275000	12198
Chr1	2275001	2300000	9222
Chr1	2300001	2325000	37142
Chr1	2325001	2350000	13798
Chr1	2350001	2375000	8428
Chr1	2375001	2400000	35370
Chr1	2400001	2425000	15352
Chr1	2425001	2450000	18768
Chr1	2450001	2475000	22782
Chr1	2475001	2500000	13864
Chr1	2500001	2525000	14356
Chr1	2525001	2550000	157520
Chr1	2550001	2575000	10288
Chr1	2575001	2600000	37282
Chr1	2600001	2625000	60238
Chr1	2625001	2650000	19884
Chr1	2650001	2675000	12966
Chr1	2675001	2700000	14696
Chr1	2700001	2725000	21616
Chr1	2725001	2750000	79744
Chr1	2750001	2775000	50078
Chr1	2775001	2800000	20346
Chr1	2800001	2825000	13288
Chr1	2825001	2850000	48766
Chr1	2850001	2875000	30968
Chr1	2875001	2900000	7508
Chr1	2900001	2925000	7684
Chr1	2925001	2950000	8428
Chr1	2950001	2975000	34998
Chr1	2975001	3000000	17714
Chr1	3000001	3025000	28444
Chr1	3025001	3050000	90522
Chr1	3050001	3075000	23264
Chr1	3075001	3100000	7302
Chr1	3100001	3125000	2952
Chr1	3125001	3150000	11440
Chr1	3150001	3175000	15448
Chr1	3175001	3200000	18488
Chr1	3200001	3225000	4120
Chr1	3225001	3250000	73290
Chr1	3250001	3275000	5608
Chr1	3275001	3300000	29156
Chr1	3300001	3325000	9878
Chr1	3325001	3350000	138658
Chr1	3350001	3375000	48886
Chr1	3375001	3400000	13828
Chr1	3400001	3425000	4166
Chr1	3425001	3450000	3156
Chr1	3450001	3475000	5058
Chr1	3475001	3500000	11210
Chr1	3500001	3525000	19334
Chr1	3525001	3550000	24236
Chr1	3550001	3575000	107404
Chr1	3575001	3600000	13530
Chr1	3600001	3625000	6828
Chr1	3625001	3650000	72628
Chr1	3650001	3675000	31856
Chr1	3675001	3700000	21568
Chr1	3700001	3725000	26844
Chr1	3725001	3750000	10100
Chr1	3750001	3775000	48284
Chr1	3775001	3800000	61146
Chr1	3800001	3825000	17188
Chr1	3825001	3850000	9520
Chr1	3850001	3875000	13206
Chr1	3875001	3900000	7738
Chr1	3900001	3925000	24034
Chr1	3925001	3950000	18946
Chr1	3950001	3975000	36678
Chr1	3975001	4000000	11118
Chr1	4000001	4025000	28000
Chr1	4025001	4050000	35318
Chr1	4050001	4075000	15462
Chr1	4075001	4100000	61306
Chr1	4100001	4125000	55142
Chr1	4125001	4150000	8304
Chr1	4150001	4175000	36940
Chr1	4175001	4200000	86986
Chr1	4200001	4225000	51512
Chr1	4225001	4250000	23916
Chr1	4250001	4275000	14350
Chr1	4275001	4300000	17126
Chr1	4300001	4325000	16506
Chr1	4325001	4350000	12964
Chr1	4350001	4375000	34422
Chr1	4375001	4400000	24208
Chr1	4400001	4425000	37488
Chr1	4425001	4450000	7156
Chr1	4450001	4475000	109578
Chr1	4475001	4500000	46088
Chr1	4500001	4525000	28960
Chr1	4525001	4550000	12568
Chr1	4550001	4575000	59738
Chr1	4575001	4600000	25150
Chr1	4600001	4625000	21842
Chr1	4625001	4650000	60428
Chr1	4650001	4675000	23254
Chr1	4675001	4700000	42774
Chr1	4700001	4725000	97844
Chr1	4725001	4750000	6952
Chr1	4750001	4775000	24734
Chr1	4775001	4800000	12430
Chr1	4800001	4825000	8684
Chr1	4825001	4850000	4230
Chr1	4850001	4875000	23606
Chr1	4875001	4900000	11126
Chr1	4900001	4925000	12044
Chr1	4925001	4950000	11678
Chr1	4950001	4975000	6502
Chr1	4975001	5000000	107788
Chr1	5000001	5025000	45280
Chr1	5025001	5050000	19614
Chr1	5050001	5075000	23714
Chr1	5075001	5100000	19204
Chr1	5100001	5125000	19760
Chr1	5125001	5150000	15316
Chr1	5150001	5175000	7948
Chr1	5175001	5200000	24412
Chr1	5200001	5225000	9822
Chr1	5225001	5250000	8076
Chr1	5250001	5275000	2350
Chr1	5275001	5300000	23430
Chr1	5300001	5325000	7028
Chr1	5325001	5350000	28048
Chr1	5350001	5375000	11682
Chr1	5375001	5400000	11724
Chr1	5400001	5425000	15302
Chr1	5425001	5450000	8018
Chr1	5450001	5475000	12286
Chr1	5475001	5500000	2468
Chr1	5500001	5525000	19160
Chr1	5525001	5550000	8994
Chr1	5550001	5575000	18494
Chr1	5575001	5600000	750
Chr1	5600001	5625000	9208
Chr1	5625001	5650000	65604
Chr1	5650001	5675000	5920
Chr1	5675001	5700000	3616
Chr1	5700001	5725000	2346
Chr1	5725001	5750000	1492
Chr1	5750001	5775000	6400
Chr1	5775001	5800000	13432
Chr1	5800001	5825000	44182
Chr1	5825001	5850000	23562
Chr1	5850001	5875000	640
Chr1	5875001	5900000	564
Chr1	5900001	5925000	4136
Chr1	5925001	5950000	18060
Chr1	5950001	5975000	8312
Chr1	5975001	6000000	13116
Chr1	6000001	6025000	7570
Chr1	6025001	6050000	5126
Chr1	6050001	6075000	5736
Chr1	6075001	6100000	11310
Chr1	6100001	6125000	14136
Chr1	6125001	6150000	5238
Chr1	6150001	6175000	60712
Chr1	6175001	6200000	8912
Chr1	6200001	6225000	27292
Chr1	6225001	6250000	41906
Chr1	6250001	6275000	16794
Chr1	6275001	6300000	12814
Chr1	6300001	6325000	46630
Chr1	6325001	6350000	19960
Chr1	6350001	6375000	15740
Chr1	6375001	6400000	24710
Chr1	6400001	6425000	20822
Chr1	6425001	6450000	30226
Chr1	6450001	6475000	142490
Chr1	6475001	6500000	11816
Chr1	6500001	6525000	30826
Chr1	6525001	6550000	39346
Chr1	6550001	6575000	3720
Chr1	6575001	6600000	4072
Chr1	6600001	6625000	22236
Chr1	6625001	6650000	21760
Chr1	6650001	6675000	24190
Chr1	6675001	6700000	105040
Chr1	6700001	6725000	24508
Chr1	6725001	6750000	9328
Chr1	6750001	6775000	14868
Chr1	6775001	6800000	21454
Chr1	6800001	6825000	10282
Chr1	6825001	6850000	37454
Chr1	6850001	6875000	5928
Chr1	6875001	6900000	51206
Chr1	6900001	6925000	70316
Chr1	6925001	6950000	7852
Chr1	6950001	6975000	10988
Chr1	6975001	7000000	1504
Chr1	7000001	7025000	3950
Chr1	7025001	7050000	1294
Chr1	7050001	7075000	16918
Chr1	7075001	7100000	3212
Chr1	7100001	7125000	2008
Chr1	7125001	7150000	3750
Chr1	7150001	7175000	31620
Chr1	7175001	7200000	3446
Chr1	7200001	7225000	5568
Chr1	7225001	7250000	22348
Chr1	7250001	7275000	10962
Chr1	7275001	7300000	6174
Chr1	7300001	7325000	20470
Chr1	7325001	7350000	17876
Chr1	7350001	7375000	22850
Chr1	7375001	7400000	2754
Chr1	7400001	7425000	32584
Chr1	7425001	7450000	2596
Chr1	7450001	7475000	2248
Chr1	7475001	7500000	2994
Chr1	7500001	7525000	6288
Chr1	7525001	7550000	760
Chr1	7550001	7575000	30216
Chr1	7575001	7600000	3118
Chr1	7600001	7625000	17996
Chr1	7625001	7650000	490
Chr1	7650001	7675000	2166
Chr1	7675001	7700000	4724
Chr1	7700001	7725000	5592
Chr1	7725001	7750000	3540
Chr1	7750001	7775000	5844
Chr1	7775001	7800000	1538
Chr1	7800001	7825000	2946
Chr1	7825001	7850000	14838
Chr1	7850001	7875000	14824
Chr1	7875001	7900000	18702
Chr1	7900001	7925000	28612
Chr1	7925001	7950000	32554
Chr1	7950001	7975000	23472
Chr1	7975001	8000000	22500
Chr1	8000001	8025000	24588
Chr1	8025001	8050000	54456
Chr1	8050001	8075000	54548
Chr1	8075001	8100000	10828
Chr1	8100001	8125000	36424
Chr1	8125001	8150000	9092
Chr1	8150001	8175000	9696
Chr1	8175001	8200000	120086
Chr1	8200001	8225000	5358
Chr1	8225001	8250000	41044
Chr1	8250001	8275000	38554
Chr1	8275001	8300000	10142
Chr1	8300001	8325000	12336
Chr1	8325001	8350000	76594
Chr1	8350001	8375000	19218
Chr1	8375001	8400000	17456
Chr1	8400001	8425000	3244
Chr1	8425001	8450000	14158
Chr1	8450001	8475000	9028
Chr1	8475001	8500000	13012
Chr1	8500001	8525000	12202
Chr1	8525001	8550000	14222
Chr1	8550001	8575000	17964
Chr1	8575001	8600000	116596
Chr1	8600001	8625000	5678
Chr1	8625001	8650000	8690
Chr1	8650001	8675000	40038
Chr1	8675001	8700000	22180
Chr1	8700001	8725000	14286
Chr1	8725001	8750000	17630
Chr1	8750001	8775000	3506
Chr1	8775001	8800000	12654
Chr1	8800001	8825000	6262
Chr1	8825001	8850000	6696
Chr1	8850001	8875000	30646
Chr1	8875001	8900000	37302
Chr1	8900001	8925000	77336
Chr1	8925001	8950000	25034
Chr1	8950001	8975000	68362
Chr1	8975001	9000000	12
Chr1	9000001	9025000	3464
Chr1	9025001	9050000	130518
Chr1	9050001	9075000	73052
Chr1	9075001	9100000	98638
Chr1	9100001	9125000	24342
Chr1	9125001	9150000	57108
Chr1	9150001	9175000	49776
Chr1	9175001	9200000	7638
Chr1	9200001	9225000	11256
Chr1	9225001	9250000	46886
Chr1	9250001	9275000	33758
Chr1	9275001	9300000	3316
Chr1	9300001	9325000	20864
Chr1	9325001	9350000	22134
Chr1	9350001	9375000	22040
Chr1	9375001	9400000	87688
Chr1	9400001	9425000	45108
Chr1	9425001	9450000	16834
Chr1	9450001	9475000	47958
Chr1	9475001	9500000	117188
Chr1	9500001	9525000	20754
Chr1	9525001	9550000	50802
Chr1	9550001	9575000	15606
Chr1	9575001	9600000	8966
Chr1	9600001	9625000	5336
Chr1	9625001	9650000	14940
Chr1	9650001	9675000	5906
Chr1	9675001	9700000	212792
Chr1	9700001	9725000	8796
Chr1	9725001	9750000	11280
Chr1	9750001	9775000	20386
Chr1	9775001	9800000	5068
Chr1	9800001	9825000	89382
Chr1	9825001	9850000	9510
Chr1	9850001	9875000	7202
Chr1	9875001	9900000	6700
Chr1	9900001	9925000	42474
Chr1	9925001	9950000	75342
Chr1	9950001	9975000	79218
Chr1	9975001	10000000	42304
Chr1	10000001	10025000	21008
Chr1	10025001	10050000	10364
Chr1	10050001	10075000	4940
Chr1	10075001	10100000	10196
Chr1	10100001	10125000	76222
Chr1	10125001	10150000	7716
Chr1	10150001	10175000	10486
Chr1	10175001	10200000	40450
Chr1	10200001	10225000	29304
Chr1	10225001	10250000	57924
Chr1	10250001	10275000	54076
Chr1	10275001	10300000	30212
Chr1	10300001	10325000	138762
Chr1	10325001	10350000	29050
Chr1	10350001	10375000	60702
Chr1	10375001	10400000	33344
Chr1	10400001	10425000	22268
Chr1	10425001	10450000	12264
Chr1	10450001	10475000	20382
Chr1	10475001	10500000	75790
Chr1	10500001	10525000	25656
Chr1	10525001	10550000	5130
Chr1	10550001	10575000	2412
Chr1	10575001	10600000	10024
Chr1	10600001	10625000	15730
Chr1	10625001	10650000	11852
Chr1	10650001	10675000	58060
Chr1	10675001	10700000	32450
Chr1	10700001	10725000	16322
Chr1	10725001	10750000	11968
Chr1	10750001	10775000	8998
Chr1	10775001	10800000	3692
Chr1	10800001	10825000	3328
Chr1	10825001	10850000	46834
Chr1	10850001	10875000	906
Chr1	10875001	10900000	578
Chr1	10900001	10925000	940
Chr1	10925001	10950000	44
Chr1	10950001	10975000	1060
Chr1	10975001	11000000	3704
Chr1	11000001	11025000	5650
Chr1	11025001	11050000	10878
Chr1	11050001	11075000	4870
Chr1	11075001	11100000	5582
Chr1	11100001	11125000	19908
Chr1	11125001	11150000	2192
Chr1	11150001	11175000	8620
Chr1	11175001	11200000	19642
Chr1	11200001	11225000	1626
Chr1	11225001	11250000	2176
Chr1	11250001	11275000	152
Chr1	11275001	11300000	1462
Chr1	11300001	11325000	4306
Chr1	11325001	11350000	290
Chr1	11350001	11375000	1326
Chr1	11375001	11400000	1212
Chr1	11400001	11425000	11580
Chr1	11425001	11450000	1474
Chr1	11450001	11475000	352
Chr1	11475001	11500000	1924
Chr1	11500001	11525000	908
Chr1	11525001	11550000	55568
Chr1	11550001	11575000	354
Chr1	11575001	11600000	1666
Chr1	11600001	11625000	7236
Chr1	11625001	11650000	63306
Chr1	11650001	11675000	218
Chr1	11675001	11700000	4798
Chr1	11700001	11725000	1026
Chr1	11725001	11750000	190
Chr1	11750001	11775000	0
Chr2	1	25000	500
Chr2	25001	50000	3214
Chr2	50001	75000	4360
Chr2	75001	100000	96834
Chr2	100001	125000	7634
Chr2	125001	150000	8062
Chr2	150001	175000	8094
Chr2	175001	200000	9848
Chr2	200001	225000	782
Chr2	225001	250000	18646
Chr2	250001	275000	13980
Chr2	275001	300000	58514
Chr2	300001	325000	1646
Chr2	325001	350000	107254
Chr2	350001	375000	6010
Chr2	375001	400000	1840
Chr2	400001	425000	6406
Chr2	425001	450000	37428
Chr2	450001	475000	9758
Chr2	475001	500000	6950
Chr2	500001	525000	4098
Chr2	525001	550000	1958
Chr2	550001	575000	1712
Chr2	575001	600000	6144
Chr2	600001	625000	4780
Chr2	625001	650000	3284
Chr2	650001	675000	302
Chr2	675001	700000	504
Chr2	700001	725000	1404
Chr2	725001	750000	832
Chr2	750001	775000	2860
Chr2	775001	800000	1812
Chr2	800001	825000	6390
Chr2	825001	850000	4000
Chr2	850001	875000	14324
Chr2	875001	900000	4838
Chr2	900001	925000	1580
Chr2	925001	950000	17798
Chr2	950001	975000	7300
Chr2	975001	1000000	14372
Chr2	1000001	1025000	15294
Chr2	1025001	1050000	17866
Chr2	1050001	1075000	58108
Chr2	1075001	1100000	22220
Chr2	1100001	1125000	8714
Chr2	1125001	1150000	97372
Chr2	1150001	1175000	58786
Chr2	1175001	1200000	4212
Chr2	1200001	1225000	8424
Chr2	1225001	1250000	10090
Chr2	1250001	1275000	9858
Chr2	1275001	1300000	9970
Chr2	1300001	1325000	9172
Chr2	1325001	1350000	22730
Chr2	1350001	1375000	20834
Chr2	1375001	1400000	9330
Chr2	1400001	1425000	16704
Chr2	1425001	1450000	11704
Chr2	1450001	1475000	12610
Chr2	1475001	1500000	29444
Chr2	1500001	1525000	2906
Chr2	1525001	1550000	6528
Chr2	1550001	1575000	70558
Chr2	1575001	1600000	10642
Chr2	1600001	1625000	23818
Chr2	1625001	1650000	7204
Chr2	1650001	1675000	20386
Chr2	1675001	1700000	9826
Chr2	1700001	1725000	28436
Chr2	1725001	1750000	24640
Chr2	1750001	1775000	11856
Chr2	1775001	1800000	15188
Chr2	1800001	1825000	26374
Chr2	1825001	1850000	109448
Chr2	1850001	1875000	24930
Chr2	1875001	1900000	12588
Chr2	1900001	1925000	9870
Chr2	1925001	1950000	12228
Chr2	1950001	1975000	12888
Chr2	1975001	2000000	50390
Chr2	2000001	2025000	10822
Chr2	2025001	2050000	25424
Chr2	2050001	2075000	26328
Chr2	2075001	2100000	7330
Chr2	2100001	2125000	14038
Chr2	2125001	2150000	13692
Chr2	2150001	2175000	84088
Chr2	2175001	2200000	74884
Chr2	2200001	2225000	53392
Chr2	2225001	2250000	88926
Chr2	2250001	2275000	58718
Chr2	2275001	2300000	30820
Chr2	2300001	2325000	7484
Chr2	2325001	2350000	34978
Chr2	2350001	2375000	10090
Chr2	2375001	2400000	78110
Chr2	2400001	2425000	143698
Chr2	2425001	2450000	37850
Chr2	2450001	2475000	11630
Chr2	2475001	2500000	80962
Chr2	2500001	2525000	64514
Chr2	2525001	2550000	13604
Chr2	2550001	2575000	80806
Chr2	2575001	2600000	24186
Chr2	2600001	2625000	24518
Chr2	2625001	2650000	10878
Chr2	2650001	2675000	6642
Chr2	2675001	2700000	4496
Chr2	2700001	2725000	11142
Chr2	2725001	2750000	477110
Chr2	2750001	2775000	2556
Chr2	2775001	2800000	4272
Chr2	2800001	2825000	8044
Chr2	2825001	2850000	748
Chr2	2850001	2875000	36994
Chr2	2875001	2900000	25920
Chr2	2900001	2925000	8012
Chr2	2925001	2950000	21434
Chr2	2950001	2975000	14546
Chr2	2975001	3000000	28294
Chr2	3000001	3025000	16724
Chr2	3025001	3050000	107038
Chr2	3050001	3075000	7318
Chr2	3075001	3100000	11304
Chr2	3100001	3125000	12576
Chr2	3125001	3150000	26000
Chr2	3150001	3175000	2982
Chr2	3175001	3200000	31906
Chr2	3200001	3225000	22592
Chr2	3225001	3250000	30022
Chr2	3250001	3275000	12640
Chr2	3275001	3300000	4
Chr2	3300001	3325000	4
Chr2	3325001	3350000	19460
Chr2	3350001	3375000	46082
Chr2	3375001	3400000	17312
Chr2	3400001	3425000	20434
Chr2	3425001	3450000	8498
Chr2	3450001	3475000	15592
Chr2	3475001	3500000	5400
Chr2	3500001	3525000	3280
Chr2	3525001	3550000	5686
Chr2	3550001	3575000	2356
Chr2	3575001	3600000	12698
Chr2	3600001	3625000	7808
Chr2	3625001	3650000	8390
Chr2	3650001	3675000	2786
Chr2	3675001	3700000	3576
Chr2	3700001	3725000	4536
Chr2	3725001	3750000	49920
Chr2	3750001	3775000	12214
Chr2	3775001	3800000	7762
Chr2	3800001	3825000	8422
Chr2	3825001	3850000	7450
Chr2	3850001	3875000	1974
Chr2	3875001	3900000	36604
Chr2	3900001	3925000	4878
Chr2	3925001	3950000	2524
Chr2	3950001	3975000	3752
Chr2	3975001	4000000	29776
Chr2	4000001	4025000	19778
Chr2	4025001	4050000	15844
Chr2	4050001	4075000	1400
Chr2	4075001	4100000	2412
Chr2	4100001	4125000	2184
Chr2	4125001	4150000	4146
Chr2	4150001	4175000	11968
Chr2	4175001	4200000	3122
Chr2	4200001	4225000	2926
Chr2	4225001	4250000	4972
Chr2	4250001	4275000	8632
Chr2	4275001	4300000	43936
Chr2	4300001	4325000	15720
Chr2	4325001	4350000	2566
Chr2	4350001	4375000	5808
Chr2	4375001	4400000	5200
Chr2	4400001	4425000	2846
Chr2	4425001	4450000	20146
Chr2	4450001	4475000	36160
Chr2	4475001	4500000	18254
Chr2	4500001	4525000	7366
Chr2	4525001	4550000	4188
Chr2	4550001	4575000	2286
Chr2	4575001	4600000	3116
Chr2	4600001	4625000	4510
Chr2	4625001	4650000	8648
Chr2	4650001	4675000	47460
Chr2	4675001	4700000	20618
Chr2	4700001	4725000	6400
Chr2	4725001	4750000	7170
Chr2	4750001	4775000	9584
Chr2	4775001	4800000	29152
Chr2	4800001	4825000	15558
Chr2	4825001	4850000	1016
Chr2	4850001	4875000	3368
Chr2	4875001	4900000	2504
Chr2	4900001	4925000	10774
Chr2	4925001	4950000	2554
Chr2	4950001	4975000	2368
Chr2	4975001	5000000	10604
Chr2	5000001	5025000	2214
Chr2	5025001	5050000	14962
Chr2	5050001	5075000	2426
Chr2	5075001	5100000	3060
Chr2	5100001	5125000	4086
Chr2	5125001	5150000	15028
Chr2	5150001	5175000	6164
Chr2	5175001	5200000	3150
Chr2	5200001	5225000	20102
Chr2	5225001	5250000	22732
Chr2	5250001	5275000	4728
Chr2	5275001	5300000	974
Chr2	5300001	5325000	7060
Chr2	5325001	5350000	1764
Chr2	5350001	5375000	43568
Chr2	5375001	5400000	8014
Chr2	5400001	5425000	6846
Chr2	5425001	5450000	17282
Chr2	5450001	5475000	7822
Chr2	5475001	5500000	7822
Chr2	5500001	5525000	2716
Chr2	5525001	5550000	44664
Chr2	5550001	5575000	28926
Chr2	5575001	5600000	696
Chr2	5600001	5625000	936
Chr2	5625001	5650000	3450
Chr2	5650001	5675000	66964
Chr2	5675001	5700000	5758
Chr2	5700001	5725000	7234
Chr2	5725001	5750000	26196
Chr2	5750001	5775000	3564
Chr2	5775001	5800000	1240
Chr2	5800001	5825000	6470
Chr2	5825001	5850000	9758
Chr2	5850001	5875000	3558
Chr2	5875001	5900000	16830
Chr2	5900001	5925000	4410
Chr2	5925001	5950000	2504
Chr2	5950001	5975000	11678
Chr2	5975001	6000000	16036
Chr2	6000001	6025000	10718
Chr2	6025001	6050000	13826
Chr2	6050001	6075000	3060
Chr2	6075001	6100000	4294
Chr2	6100001	6125000	24938
Chr2	6125001	6150000	4982
Chr2	6150001	6175000	31364
Chr2	6175001	6200000	45316
Chr2	6200001	6225000	12962
Chr2	6225001	6250000	9600
Chr2	6250001	6275000	4622
Chr2	6275001	6300000	5088
Chr2	6300001	6325000	3810
Chr2	6325001	6350000	1936
Chr2	6350001	6375000	5102
Chr2	6375001	6400000	12864
Chr2	6400001	6425000	13260
Chr2	6425001	6450000	4522
Chr2	6450001	6475000	32412
Chr2	6475001	6500000	8242
Chr2	6500001	6525000	350
Chr2	6525001	6550000	17996
Chr2	6550001	6575000	10058
Chr2	6575001	6600000	55710
Chr2	6600001	6625000	56994
Chr2	6625001	6650000	67292
Chr2	6650001	6675000	16536
Chr2	6675001	6700000	5416
Chr2	6700001	6725000	19656
Chr2	6725001	6750000	16816
Chr2	6750001	6775000	18068
Chr2	6775001	6800000	2264
Chr2	6800001	6825000	4406
Chr2	6825001	6850000	34744
Chr2	6850001	6875000	1030
Chr2	6875001	6900000	5210
Chr2	6900001	6925000	54076
Chr2	6925001	6950000	9684
Chr2	6950001	6975000	25412
Chr2	6975001	7000000	20264
Chr2	7000001	7025000	19106
Chr2	7025001	7050000	16894
Chr2	7050001	7075000	15694
Chr2	7075001	7100000	96274
Chr2	7100001	7125000	49246
Chr2	7125001	7150000	10752
Chr2	7150001	7175000	16278
Chr2	7175001	7200000	35966
Chr2	7200001	7225000	74842
Chr2	7225001	7250000	8356
Chr2	7250001	7275000	35230
Chr2	7275001	7300000	20914
Chr2	7300001	7325000	16716
Chr2	7325001	7350000	30566
Chr2	7350001	7375000	13782
Chr2	7375001	7400000	51400
Chr2	7400001	7425000	8284
Chr2	7425001	7450000	19604
Chr2	7450001	7475000	10712
Chr2	7475001	7500000	32088
Chr2	7500001	7525000	83590
Chr2	7525001	7550000	6826
Chr2	7550001	7575000	7570
Chr2	7575001	7600000	16492
Chr2	7600001	7625000	141890
Chr2	7625001	7650000	6292
Chr2	7650001	7675000	10922
Chr2	7675001	7700000	2802
Chr2	7700001	7725000	10434
Chr2	7725001	7750000	4994
Chr2	7750001	7775000	42440
Chr2	7775001	7800000	19106
Chr2	7800001	7825000	3866
Chr2	7825001	7850000	9778
Chr2	7850001	7875000	16152
Chr2	7875001	7900000	68574
Chr2	7900001	7925000	22328
Chr2	7925001	7950000	24306
Chr2	7950001	7975000	11266
Chr2	7975001	8000000	4080
Chr2	8000001	8025000	1564
Chr2	8025001	8050000	2798
Chr2	8050001	8075000	5578
Chr2	8075001	8100000	39122
Chr2	8100001	8125000	2028
Chr2	8125001	8150000	6868
Chr2	8150001	8175000	63310
Chr2	8175001	8200000	19242
Chr2	8200001	8225000	3280
Chr2	8225001	8250000	978
Chr2	8250001	8275000	18718
Chr2	8275001	8300000	76858
Chr2	8300001	8325000	2120
Chr2	8325001	8350000	2108
Chr2	8350001	8375000	4410
Chr2	8375001	8400000	15304
Chr2	8400001	8425000	12760
Chr2	8425001	8450000	2316
Chr2	8450001	8475000	53408
Chr2	8475001	8500000	7578
Chr2	8500001	8525000	2488
Chr2	8525001	8550000	24894
Chr2	8550001	8575000	3538
Chr2	8575001	8600000	7652
Chr2	8600001	8625000	3168
Chr2	8625001	8650000	6276
Chr2	8650001	8675000	2278
Chr2	8675001	8700000	51270
Chr2	8700001	8725000	1702
Chr2	8725001	8750000	248
Chr2	8750001	8775000	2714
Chr2	8775001	8800000	1346
Chr2	8800001	8825000	4372
Chr2	8825001	8850000	3756
Chr2	8850001	8875000	3218
Chr2	8875001	8900000	2004
Chr2	8900001	8925000	1238
Chr2	8925001	8950000	462
Chr2	8950001	8975000	1522
Chr2	8975001	9000000	68
Chr3	1	25000	950
Chr3	25001	50000	1650
Chr3	50001	75000	9978
Chr3	75001	100000	1144
Chr3	100001	125000	490
Chr3	125001	150000	6348
Chr3	150001	175000	7004
Chr3	175001	200000	48180
Chr3	200001	225000	6974
Chr3	225001	250000	10780
Chr3	250001	275000	3128
Chr3	275001	300000	5044
Chr3	300001	325000	308
Chr3	325001	350000	1926
Chr3	350001	375000	2412
Chr3	375001	400000	85326
Chr3	400001	425000	3842
Chr3	425001	450000	632
Chr3	450001	475000	1978
Chr3	475001	500000	656
Chr3	500001	525000	2882
Chr3	525001	550000	6278
Chr3	550001	575000	6588
Chr3	575001	600000	5116
Chr3	600001	625000	18278
Chr3	625001	650000	64720
Chr3	650001	675000	52636
Chr3	675001	700000	12934
Chr3	700001	725000	15302
Chr3	725001	750000	1886
Chr3	750001	775000	2204
Chr3	775001	800000	14906
Chr3	800001	825000	16322
Chr3	825001	850000	17514
Chr3	850001	875000	188112
Chr3	875001	900000	12576
Chr3	900001	925000	8296
Chr3	925001	950000	12376
Chr3	950001	975000	19370
Chr3	975001	1000000	17914
Chr3	1000001	1025000	16688
Chr3	1025001	1050000	14148
Chr3	1050001	1075000	23812
Chr3	1075001	1100000	4222
Chr3	1100001	1125000	10218
Chr3	1125001	1150000	17772
Chr3	1150001	1175000	10420
Chr3	1175001	1200000	11494
Chr3	1200001	1225000	6868
Chr3	1225001	1250000	11490
Chr3	1250001	1275000	21532
Chr3	1275001	1300000	29726
Chr3	1300001	1325000	9496
Chr3	1325001	1350000	12890
Chr3	1350001	1375000	36834
Chr3	1375001	1400000	30826
Chr3	1400001	1425000	15800
Chr3	1425001	1450000	18114
Chr3	1450001	1475000	12346
Chr3	1475001	1500000	26712
Chr3	1500001	1525000	8578
Chr3	1525001	1550000	5746
Chr3	1550001	1575000	20134
Chr3	1575001	1600000	7176
Chr3	1600001	1625000	13806
Chr3	1625001	1650000	36224
Chr3	1650001	1675000	21022
Chr3	1675001	1700000	20910
Chr3	1700001	1725000	15034
Chr3	1725001	1750000	15926
Chr3	1750001	1775000	17600
Chr3	1775001	1800000	21404
Chr3	1800001	1825000	10962
Chr3	1825001	1850000	26292
Chr3	1850001	1875000	15182
Chr3	1875001	1900000	12280
Chr3	1900001	1925000	13224
Chr3	1925001	1950000	5196
Chr3	1950001	1975000	14050
Chr3	1975001	2000000	6988
Chr3	2000001	2025000	21328
Chr3	2025001	2050000	7532
Chr3	2050001	2075000	13958
Chr3	2075001	2100000	54606
Chr3	2100001	2125000	16726
Chr3	2125001	2150000	16380
Chr3	2150001	2175000	18866
Chr3	2175001	2200000	21552
Chr3	2200001	2225000	11698
Chr3	2225001	2250000	21230
Chr3	2250001	2275000	125272
Chr3	2275001	2300000	12358
Chr3	2300001	2325000	10506
Chr3	2325001	2350000	62676
Chr3	2350001	2375000	6810
Chr3	2375001	2400000	6270
Chr3	2400001	2425000	24956
Chr3	2425001	2450000	17438
Chr3	2450001	2475000	56108
Chr3	2475001	2500000	11996
Chr3	2500001	2525000	23378
Chr3	2525001	2550000	7940
Chr3	2550001	2575000	8428
Chr3	2575001	2600000	29238
Chr3	2600001	2625000	15012
Chr3	2625001	2650000	16402
Chr3	2650001	2675000	230642
Chr3	2675001	2700000	8422
Chr3	2700001	2725000	15210
Chr3	2725001	2750000	10164
Chr3	2750001	2775000	11194
Chr3	2775001	2800000	14376
Chr3	2800001	2825000	14656
Chr3	2825001	2850000	82672
Chr3	2850001	2875000	62796
Chr3	2875001	2900000	22828
Chr3	2900001	2925000	21760
Chr3	2925001	2950000	61394
Chr3	2950001	2975000	19354
Chr3	2975001	3000000	8574
Chr3	3000001	3025000	9778
Chr3	3025001	3050000	6782
Chr3	3050001	3075000	24238
Chr3	3075001	3100000	5826
Chr3	3100001	3125000	15690
Chr3	3125001	3150000	7292
Chr3	3150001	3175000	6066
Chr3	3175001	3200000	8548
Chr3	3200001	3225000	18400
Chr3	3225001	3250000	38640
Chr3	3250001	3275000	6714
Chr3	3275001	3300000	8964
Chr3	3300001	3325000	9044
Chr3	3325001	3350000	14132
Chr3	3350001	3375000	32122
Chr3	3375001	3400000	17828
Chr3	3400001	3425000	17778
Chr3	3425001	3450000	3982
Chr3	3450001	3475000	1054
Chr3	3475001	3500000	5374
Chr3	3500001	3525000	14072
Chr3	3525001	3550000	57126
Chr3	3550001	3575000	8382
Chr3	3575001	3600000	11006
Chr3	3600001	3625000	10326
Chr3	3625001	3650000	7928
Chr3	3650001	3675000	14788
Chr3	3675001	3700000	17498
Chr3	3700001	3725000	9184
Chr3	3725001	3750000	16286
Chr3	3750001	3775000	32272
Chr3	3775001	3800000	5602
Chr3	3800001	3825000	17120
Chr3	3825001	3850000	11718
Chr3	3850001	3875000	15990
Chr3	3875001	3900000	69686
Chr3	3900001	3925000	9546
Chr3	3925001	3950000	15382
Chr3	3950001	3975000	7832
Chr3	3975001	4000000	38434
Chr3	4000001	4025000	64098
Chr3	4025001	4050000	75186
Chr3	4050001	4075000	226388
Chr3	4075001	4100000	12530
Chr3	4100001	4125000	61058
Chr3	4125001	4150000	55116
Chr3	4150001	4175000	40912
Chr3	4175001	4200000	8396
Chr3	4200001	4225000	17048
Chr3	4225001	4250000	40042
Chr3	4250001	4275000	9230
Chr3	4275001	4300000	15786
Chr3	4300001	4325000	13158
Chr3	4325001	4350000	16376
Chr3	4350001	4375000	27504
Chr3	4375001	4400000	13708
Chr3	4400001	4425000	4080
Chr3	4425001	4450000	7090
Chr3	4450001	4475000	12370
Chr3	4475001	4500000	25236
Chr3	4500001	4525000	37198
Chr3	4525001	4550000	16690
Chr3	4550001	4575000	18744
Chr3	4575001	4600000	35342
Chr3	4600001	4625000	12428
Chr3	4625001	4650000	6462
Chr3	4650001	4675000	17834
Chr3	4675001	4700000	9476
Chr3	4700001	4725000	15144
Chr3	4725001	4750000	7098
Chr3	4750001	4775000	14816
Chr3	4775001	4800000	38136
Chr3	4800001	4825000	153892
Chr3	4825001	4850000	85922
Chr3	4850001	4875000	22540
Chr3	4875001	4900000	95844
Chr3	4900001	4925000	16700
Chr3	4925001	4950000	8580
Chr3	4950001	4975000	23134
Chr3	4975001	5000000	32478
Chr3	5000001	5025000	16178
Chr3	5025001	5050000	10496
Chr3	5050001	5075000	17098
Chr3	5075001	5100000	16858
Chr3	5100001	5125000	14208
Chr3	5125001	5150000	11560
Chr3	5150001	5175000	10252
Chr3	5175001	5200000	22786
Chr3	5200001	5225000	13386
Chr3	5225001	5250000	31746
Chr3	5250001	5275000	21074
Chr3	5275001	5300000	80528
Chr3	5300001	5325000	10190
Chr3	5325001	5350000	20002
Chr3	5350001	5375000	58
Chr3	5375001	5400000	0
Chr3	5400001	5425000	9044
Chr3	5425001	5450000	23548
Chr3	5450001	5475000	62754
Chr3	5475001	5500000	48528
Chr3	5500001	5525000	24056
Chr3	5525001	5550000	10372
Chr3	5550001	5575000	22870
Chr3	5575001	5600000	4464
Chr3	5600001	5625000	38856
Chr3	5625001	5650000	65986
Chr3	5650001	5675000	20114
Chr3	5675001	5700000	6290
Chr3	5700001	5725000	29136
Chr3	5725001	5750000	29278
Chr3	5750001	5775000	14414
Chr3	5775001	5800000	115862
Chr3	5800001	5825000	31986
Chr3	5825001	5850000	8836
Chr3	5850001	5875000	53846
Chr3	5875001	5900000	72540
Chr3	5900001	5925000	12638
Chr3	5925001	5950000	19530
Chr3	5950001	5975000	27310
Chr3	5975001	6000000	15670
Chr3	6000001	6025000	12588
Chr3	6025001	6050000	15504
Chr3	6050001	6075000	71038
Chr3	6075001	6100000	4886
Chr3	6100001	6125000	15776
Chr3	6125001	6150000	9088
Chr3	6150001	6175000	142490
Chr3	6175001	6200000	8882
Chr3	6200001	6225000	18550
Chr3	6225001	6250000	42172
Chr3	6250001	6275000	23060
Chr3	6275001	6300000	162
Chr3	6300001	6325000	158
Chr3	6325001	6350000	2304
Chr3	6350001	6375000	6194
Chr3	6375001	6400000	5962
Chr3	6400001	6425000	102408
Chr3	6425001	6450000	25982
Chr3	6450001	6475000	10332
Chr3	6475001	6500000	9116
Chr3	6500001	6525000	23320
Chr3	6525001	6550000	27650
Chr3	6550001	6575000	3722
Chr3	6575001	6600000	3552
Chr3	6600001	6625000	1860
Chr3	6625001	6650000	13004
Chr3	6650001	6675000	3590
Chr3	6675001	6700000	2150
Chr3	6700001	6725000	4900
Chr3	6725001	6750000	18436
Chr3	6750001	6775000	2260
Chr3	6775001	6800000	16032
Chr3	6800001	6825000	10592
Chr3	6825001	6850000	21272
Chr3	6850001	6875000	8748
Chr3	6875001	6900000	8878
Chr3	6900001	6925000	4458
Chr3	6925001	6950000	5332
Chr3	6950001	6975000	1806
Chr3	6975001	7000000	6530
Chr3	7000001	7025000	1086
Chr3	7025001	7050000	156
Chr3	7050001	7075000	10202
Chr3	7075001	7100000	8080
Chr3	7100001	7125000	938
Chr3	7125001	7150000	874
Chr3	7150001	7175000	4908
Chr3	7175001	7200000	3754
Chr3	7200001	7225000	36340
Chr3	7225001	7250000	11404
Chr3	7250001	7275000	1574
Chr3	7275001	7300000	3338
Chr3	7300001	7325000	492
Chr3	7325001	7350000	2074
Chr3	7350001	7375000	10864
Chr3	7375001	7400000	109782
Chr3	7400001	7425000	1536
Chr3	7425001	7450000	572
Chr3	7450001	7475000	4138
Chr3	7475001	7500000	3102
Chr3	7500001	7525000	8040
Chr3	7525001	7550000	6046
Chr3	7550001	7575000	5752
Chr3	7575001	7600000	15252
Chr3	7600001	7625000	27898
Chr3	7625001	7650000	9854
Chr3	7650001	7675000	24480
Chr3	7675001	7700000	4812
Chr3	7700001	7725000	4640
Chr3	7725001	7750000	1676
Chr3	7750001	7775000	3410
Chr3	7775001	7800000	2896
Chr4	1	25000	5350
Chr4	25001	50000	298
Chr4	50001	75000	2220
Chr4	75001	100000	4306
Chr4	100001	125000	13130
Chr4	125001	150000	4590
Chr4	150001	175000	3040
Chr4	175001	200000	6526
Chr4	200001	225000	918
Chr4	225001	250000	19464
Chr4	250001	275000	9700
Chr4	275001	300000	15906
Chr4	300001	325000	10170
Chr4	325001	350000	21454
Chr4	350001	375000	12354
Chr4	375001	400000	12582
Chr4	400001	425000	14690
Chr4	425001	450000	13412
Chr4	450001	475000	4870
Chr4	475001	500000	27226
Chr4	500001	525000	55808
Chr4	525001	550000	17080
Chr4	550001	575000	11976
Chr4	575001	600000	17792
Chr4	600001	625000	13990
Chr4	625001	650000	12936
Chr4	650001	675000	10502
Chr4	675001	700000	10476
Chr4	700001	725000	34434
Chr4	725001	750000	6100
Chr4	750001	775000	82466
Chr4	775001	800000	11238
Chr4	800001	825000	52660
Chr4	825001	850000	15670
Chr4	850001	875000	20844
Chr4	875001	900000	40006
Chr4	900001	925000	51130
Chr4	925001	950000	19676
Chr4	950001	975000	18236
Chr4	975001	1000000	13424
Chr4	1000001	1025000	4288
Chr4	1025001	1050000	12130
Chr4	1050001	1075000	30880
Chr4	1075001	1100000	5936
Chr4	1100001	1125000	44842
Chr4	1125001	1150000	10988
Chr4	1150001	1175000	18790
Chr4	1175001	1200000	7462
Chr4	1200001	1225000	11806
Chr4	1225001	1250000	10122
Chr4	1250001	1275000	20176
Chr4	1275001	1300000	60352
Chr4	1300001	1325000	11998
Chr4	1325001	1350000	15622
Chr4	1350001	1375000	89660
Chr4	1375001	1400000	10898
Chr4	1400001	1425000	71608
Chr4	1425001	1450000	79774
Chr4	1450001	1475000	44304
Chr4	1475001	1500000	13090
Chr4	1500001	1525000	23094
Chr4	1525001	1550000	33664
Chr4	1550001	1575000	14496
Chr4	1575001	1600000	8060
Chr4	1600001	1625000	95912
Chr4	1625001	1650000	12644
Chr4	1650001	1675000	19298
Chr4	1675001	1700000	57512
Chr4	1700001	1725000	81952
Chr4	1725001	1750000	100576
Chr4	1750001	1775000	10404
Chr4	1775001	1800000	12326
Chr4	1800001	1825000	29550
Chr4	1825001	1850000	16554
Chr4	1850001	1875000	17022
Chr4	1875001	1900000	9194
Chr4	1900001	1925000	11206
Chr4	1925001	1950000	7860
Chr4	1950001	1975000	6546
Chr4	1975001	2000000	16942
Chr4	2000001	2025000	31416
Chr4	2025001	2050000	21112
Chr4	2050001	2075000	13726
Chr4	2075001	2100000	10876
Chr4	2100001	2125000	17392
Chr4	2125001	2150000	50636
Chr4	2150001	2175000	16720
Chr4	2175001	2200000	14714
Chr4	2200001	2225000	7438
Chr4	2225001	2250000	21014
Chr4	2250001	2275000	37236
Chr4	2275001	2300000	15022
Chr4	2300001	2325000	19510
Chr4	2325001	2350000	13524
Chr4	2350001	2375000	11166
Chr4	2375001	2400000	12282
Chr4	2400001	2425000	15822
Chr4	2425001	2450000	19752
Chr4	2450001	2475000	10124
Chr4	2475001	2500000	7386
Chr4	2500001	2525000	24352
Chr4	2525001	2550000	297270
Chr4	2550001	2575000	5942
Chr4	2575001	2600000	19956
Chr4	2600001	2625000	17318
Chr4	2625001	2650000	8228
Chr4	2650001	2675000	103490
Chr4	2675001	2700000	14682
Chr4	2700001	2725000	16742
Chr4	2725001	2750000	9294
Chr4	2750001	2775000	27180
Chr4	2775001	2800000	11224
Chr4	2800001	2825000	10020
Chr4	2825001	2850000	14494
Chr4	2850001	2875000	29118
Chr4	2875001	2900000	22480
Chr4	2900001	2925000	17040
Chr4	2925001	2950000	6286
Chr4	2950001	2975000	9478
Chr4	2975001	3000000	9686
Chr4	3000001	3025000	19968
Chr4	3025001	3050000	96442
Chr4	3050001	3075000	17366
Chr4	3075001	3100000	21338
Chr4	3100001	3125000	16050
Chr4	3125001	3150000	12182
Chr4	3150001	3175000	25576
Chr4	3175001	3200000	90104
Chr4	3200001	3225000	5710
Chr4	3225001	3250000	17764
Chr4	3250001	3275000	3188
Chr4	3275001	3300000	23354
Chr4	3300001	3325000	10844
Chr4	3325001	3350000	27574
Chr4	3350001	3375000	25000
Chr4	3375001	3400000	75956
Chr4	3400001	3425000	42534
Chr4	3425001	3450000	13606
Chr4	3450001	3475000	29694
Chr4	3475001	3500000	20290
Chr4	3500001	3525000	17610
Chr4	3525001	3550000	50034
Chr4	3550001	3575000	10324
Chr4	3575001	3600000	10628
Chr4	3600001	3625000	42814
Chr4	3625001	3650000	103604
Chr4	3650001	3675000	10534
Chr4	3675001	3700000	9100
Chr4	3700001	3725000	12150
Chr4	3725001	3750000	13262
Chr4	3750001	3775000	10722
Chr4	3775001	3800000	55426
Chr4	3800001	3825000	32838
Chr4	3825001	3850000	8662
Chr4	3850001	3875000	35542
Chr4	3875001	3900000	16148
Chr4	3900001	3925000	11250
Chr4	3925001	3950000	4626
Chr4	3950001	3975000	52418
Chr4	3975001	4000000	6234
Chr4	4000001	4025000	3462
Chr4	4025001	4050000	11090
Chr4	4050001	4075000	2610
Chr4	4075001	4100000	66688
Chr4	4100001	4125000	4978
Chr4	4125001	4150000	20676
Chr4	4150001	4175000	6324
Chr4	4175001	4200000	4890
Chr4	4200001	4225000	3602
Chr4	4225001	4250000	8046
Chr4	4250001	4275000	3950
Chr4	4275001	4300000	686
Chr4	4300001	4325000	172
Chr4	4325001	4350000	232
Chr4	4350001	4375000	109646
Chr4	4375001	4400000	1832
Chr4	4400001	4425000	378
Chr4	4425001	4450000	16524
Chr4	4450001	4475000	6540
Chr4	4475001	4500000	3788
Chr4	4500001	4525000	15490
Chr4	4525001	4550000	704
Chr4	4550001	4575000	10190
Chr4	4575001	4600000	1936
Chr4	4600001	4625000	92716
Chr4	4625001	4650000	6782
Chr4	4650001	4675000	1326
Chr4	4675001	4700000	10656
Chr4	4700001	4725000	163290
Chr4	4725001	4750000	30564
Chr4	4750001	4775000	9246
Chr4	4775001	4800000	4774
Chr4	4800001	4825000	22482
Chr4	4825001	4850000	61740
Chr4	4850001	4875000	5628
Chr4	4875001	4900000	11760
Chr4	4900001	4925000	9604
Chr4	4925001	4950000	19414
Chr4	4950001	4975000	24316
Chr4	4975001	5000000	42346
Chr4	5000001	5025000	34922
Chr4	5025001	5050000	16410
Chr4	5050001	5075000	0
Chr4	5075001	5100000	0
Chr4	5100001	5125000	46378
Chr4	5125001	5150000	21814
Chr4	5150001	5175000	31164
Chr4	5175001	5200000	40388
Chr4	5200001	5225000	24012
Chr4	5225001	5250000	22966
Chr4	5250001	5275000	11788
Chr4	5275001	5300000	5228
Chr4	5300001	5325000	13878
Chr4	5325001	5350000	14060
Chr4	5350001	5375000	19614
Chr4	5375001	5400000	20924
Chr4	5400001	5425000	8870
Chr4	5425001	5450000	7762
Chr4	5450001	5475000	16064
Chr4	5475001	5500000	61496
Chr4	5500001	5525000	46254
Chr4	5525001	5550000	13210
Chr4	5550001	5575000	8922
Chr4	5575001	5600000	24870
Chr4	5600001	5625000	17910
Chr4	5625001	5650000	4172
Chr4	5650001	5675000	11860
Chr4	5675001	5700000	101312
Chr4	5700001	5725000	19270
Chr4	5725001	5750000	8052
Chr4	5750001	5775000	33562
Chr4	5775001	5800000	19558
Chr4	5800001	5825000	17086
Chr4	5825001	5850000	15394
Chr4	5850001	5875000	53498
Chr4	5875001	5900000	11662
Chr4	5900001	5925000	42416
Chr4	5925001	5950000	18446
Chr4	5950001	5975000	16502
Chr4	5975001	6000000	6224
Chr4	6000001	6025000	29656
Chr4	6025001	6050000	19700
Chr4	6050001	6075000	160286
Chr4	6075001	6100000	31196
Chr4	6100001	6125000	16656
Chr4	6125001	6150000	81662
Chr4	6150001	6175000	22508
Chr4	6175001	6200000	14050
Chr4	6200001	6225000	25724
Chr4	6225001	6250000	14398
Chr4	6250001	6275000	9452
Chr4	6275001	6300000	16586
Chr4	6300001	6325000	27156
Chr4	6325001	6350000	22894
Chr4	6350001	6375000	20294
Chr4	6375001	6400000	15568
Chr4	6400001	6425000	61820
Chr4	6425001	6450000	29048
Chr4	6450001	6475000	24122
Chr4	6475001	6500000	9452
Chr4	6500001	6525000	15598
Chr4	6525001	6550000	442
Chr4	6550001	6575000	37204
Chr4	6575001	6600000	22806
Chr4	6600001	6625000	12148
Chr4	6625001	6650000	4946
Chr4	6650001	6675000	3084
Chr4	6675001	6700000	18324
Chr4	6700001	6725000	10080
Chr4	6725001	6750000	30824
Chr4	6750001	6775000	11090
Chr4	6775001	6800000	57204
Chr4	6800001	6825000	17670
Chr4	6825001	6850000	2982
Chr4	6850001	6875000	13924
Chr4	6875001	6900000	6812
Chr4	6900001	6925000	10474
Chr4	6925001	6950000	25812
Chr4	6950001	6975000	10088
Chr4	6975001	7000000	11110
Chr4	7000001	7025000	16112
Chr4	7025001	7050000	24932
Chr4	7050001	7075000	30044
Chr4	7075001	7100000	7016
Chr4	7100001	7125000	35492
Chr4	7125001	7150000	17624
Chr4	7150001	7175000	16652
Chr4	7175001	7200000	14314
Chr4	7200001	7225000	26008
Chr4	7225001	7250000	14742
Chr4	7250001	7275000	18198
Chr4	7275001	7300000	18820
Chr4	7300001	7325000	7204
Chr4	7325001	7350000	6860
Chr4	7350001	7375000	2800
Chr4	7375001	7400000	4278
Chr4	7400001	7425000	9430
Chr4	7425001	7450000	15792
Chr4	7450001	7475000	3048
Chr4	7475001	7500000	2872
Chr4	7500001	7525000	2348
Chr4	7525001	7550000	2288
Chr4	7550001	7575000	386
Chr4	7575001	7600000	2978
Chr4	7600001	7625000	2094
Chr4	7625001	7650000	4828
Chr4	7650001	7675000	126454
Chr4	7675001	7700000	3408
Chr4	7700001	7725000	6984
Chr4	7725001	7750000	35832
Chr4	7750001	7775000	12450
Chr4	7775001	7800000	4396
Chr4	7800001	7825000	23092
Chr4	7825001	7850000	29098
Chr4	7850001	7875000	24992
Chr4	7875001	7900000	10748
Chr4	7900001	7925000	37486
Chr4	7925001	7950000	17408
Chr4	7950001	7975000	15742
Chr4	7975001	8000000	9244
Chr4	8000001	8025000	5016
Chr4	8025001	8050000	0
Chr4	8050001	8075000	0
Chr4	8075001	8100000	0
Chr4	8100001	8125000	0
Chr4	8125001	8150000	0
Chr4	8150001	8175000	0
Chr4	8175001	8200000	0
Chr4	8200001	8225000	0
Chr4	8225001	8250000	0
Chr4	8250001	8275000	0
Chr4	8275001	8300000	0
Chr4	8300001	8325000	0
Chr4	8325001	8350000	0
Chr4	8350001	8375000	0
Chr4	8375001	8400000	0
Chr4	8400001	8425000	0
Chr4	8425001	8450000	0
Chr4	8450001	8475000	0
Chr4	8475001	8500000	0
Chr4	8500001	8525000	0
Chr4	8525001	8550000	0
Chr4	8550001	8575000	0
Chr4	8575001	8600000	0
Chr4	8600001	8625000	0
Chr4	8625001	8650000	0
Chr4	8650001	8675000	0
Chr4	8675001	8700000	0
Chr4	8700001	8725000	0
Chr4	8725001	8750000	0
Chr4	8750001	8775000	0
Chr4	8775001	8800000	0
Chr4	8800001	8825000	0
Chr4	8825001	8850000	0
Chr4	8850001	8875000	0
Chr4	8875001	8900000	0
Chr4	8900001	8925000	0
Chr4	8925001	8950000	0
Chr4	8950001	8975000	0
Chr4	8975001	9000000	0
Chr4	9000001	9025000	0
Chr4	9025001	9050000	0
Chr4	9050001	9075000	0
Chr4	9075001	9100000	0
Chr4	9100001	9125000	0
Chr4	9125001	9150000	0
Chr4	9150001	9175000	0
Chr4	9175001	9200000	0
Chr4	9200001	9225000	0
Chr4	9225001	9250000	0
Chr4	9250001	9275000	0
Chr4	9275001	9300000	0
Chr4	9300001	9325000	0
Chr4	9325001	9350000	0
Chr4	9350001	9375000	0
Chr4	9375001	9400000	130
Chr4	9400001	9425000	6
