Chr1	1	25000	51.25
Chr1	25001	50000	69.5
Chr1	50001	75000	160.75
Chr1	75001	100000	156.25
Chr1	100001	125000	202.25
Chr1	125001	150000	169.5
Chr1	150001	175000	173.25
Chr1	175001	200000	143.5
Chr1	200001	225000	193.25
Chr1	225001	250000	187
Chr1	250001	275000	250
Chr1	275001	300000	226.25
Chr1	300001	325000	224.5
Chr1	325001	350000	487.5
Chr1	350001	375000	189
Chr1	375001	400000	124.75
Chr1	400001	425000	59.5
Chr1	425001	450000	128.25
Chr1	450001	475000	112.25
Chr1	475001	500000	102.75
Chr1	500001	525000	195.25
Chr1	525001	550000	222
Chr1	550001	575000	77.25
Chr1	575001	600000	55.5
Chr1	600001	625000	58.5
Chr1	625001	650000	75.75
Chr1	650001	675000	162.5
Chr1	675001	700000	60.5
Chr1	700001	725000	30.5
Chr1	725001	750000	105.25
Chr1	750001	775000	46.5
Chr1	775001	800000	43.75
Chr1	800001	825000	50.5
Chr1	825001	850000	20
Chr1	850001	875000	15.5
Chr1	875001	900000	14.25
Chr1	900001	925000	8
Chr1	925001	950000	25
Chr1	950001	975000	30
Chr1	975001	1000000	28.5
Chr1	1000001	1025000	25.75
Chr1	1025001	1050000	27.25
Chr1	1050001	1075000	16.5
Chr1	1075001	1100000	17.75
Chr1	1100001	1125000	18.75
Chr1	1125001	1150000	24.5
Chr1	1150001	1175000	21.75
Chr1	1175001	1200000	18.5
Chr1	1200001	1225000	16.25
Chr1	1225001	1250000	18
Chr1	1250001	1275000	25.75
Chr1	1275001	1300000	9.25
Chr1	1300001	1325000	8.25
Chr1	1325001	1350000	19.5
Chr1	1350001	1375000	33
Chr1	1375001	1400000	40
Chr1	1400001	1425000	32.75
Chr1	1425001	1450000	44
Chr1	1450001	1475000	22.25
Chr1	1475001	1500000	8.5
Chr1	1500001	1525000	10.25
Chr1	1525001	1550000	12.75
Chr1	1550001	1575000	8.5
Chr1	1575001	1600000	7.25
Chr1	1600001	1625000	8.25
Chr1	1625001	1650000	9.25
Chr1	1650001	1675000	7.25
Chr1	1675001	1700000	9
Chr1	1700001	1725000	6.75
Chr1	1725001	1750000	10.25
Chr1	1750001	1775000	7.5
Chr1	1775001	1800000	12.25
Chr1	1800001	1825000	8.5
Chr1	1825001	1850000	12.5
Chr1	1850001	1875000	13.25
Chr1	1875001	1900000	11.75
Chr1	1900001	1925000	9.75
Chr1	1925001	1950000	8.75
Chr1	1950001	1975000	6.25
Chr1	1975001	2000000	7.75
Chr1	2000001	2025000	7
Chr1	2025001	2050000	10
Chr1	2050001	2075000	12.5
Chr1	2075001	2100000	7.25
Chr1	2100001	2125000	14
Chr1	2125001	2150000	17
Chr1	2150001	2175000	15.75
Chr1	2175001	2200000	16.25
Chr1	2200001	2225000	16.25
Chr1	2225001	2250000	13.75
Chr1	2250001	2275000	9.5
Chr1	2275001	2300000	22.5
Chr1	2300001	2325000	27.75
Chr1	2325001	2350000	14.5
Chr1	2350001	2375000	16.25
Chr1	2375001	2400000	20.5
Chr1	2400001	2425000	26.75
Chr1	2425001	2450000	20
Chr1	2450001	2475000	20.5
Chr1	2475001	2500000	36.25
Chr1	2500001	2525000	23.5
Chr1	2525001	2550000	31.5
Chr1	2550001	2575000	27.25
Chr1	2575001	2600000	31.25
Chr1	2600001	2625000	28
Chr1	2625001	2650000	29.5
Chr1	2650001	2675000	13.5
Chr1	2675001	2700000	20.5
Chr1	2700001	2725000	35.25
Chr1	2725001	2750000	27.75
Chr1	2750001	2775000	15.5
Chr1	2775001	2800000	21.75
Chr1	2800001	2825000	12
Chr1	2825001	2850000	34.5
Chr1	2850001	2875000	19
Chr1	2875001	2900000	7.5
Chr1	2900001	2925000	15.5
Chr1	2925001	2950000	12.25
Chr1	2950001	2975000	11.5
Chr1	2975001	3000000	9.75
Chr1	3000001	3025000	9.25
Chr1	3025001	3050000	24.25
Chr1	3050001	3075000	12.25
Chr1	3075001	3100000	19
Chr1	3100001	3125000	29.5
Chr1	3125001	3150000	52.5
Chr1	3150001	3175000	22.25
Chr1	3175001	3200000	30.5
Chr1	3200001	3225000	31.5
Chr1	3225001	3250000	34.25
Chr1	3250001	3275000	32.5
Chr1	3275001	3300000	23.5
Chr1	3300001	3325000	14.5
Chr1	3325001	3350000	15
Chr1	3350001	3375000	12
Chr1	3375001	3400000	16.75
Chr1	3400001	3425000	23
Chr1	3425001	3450000	15.25
Chr1	3450001	3475000	31.5
Chr1	3475001	3500000	16
Chr1	3500001	3525000	12.75
Chr1	3525001	3550000	22.5
Chr1	3550001	3575000	42.5
Chr1	3575001	3600000	23.75
Chr1	3600001	3625000	26.75
Chr1	3625001	3650000	22.25
Chr1	3650001	3675000	9.25
Chr1	3675001	3700000	14.5
Chr1	3700001	3725000	20
Chr1	3725001	3750000	11.75
Chr1	3750001	3775000	19.5
Chr1	3775001	3800000	24
Chr1	3800001	3825000	19.5
Chr1	3825001	3850000	20.25
Chr1	3850001	3875000	17.25
Chr1	3875001	3900000	30.75
Chr1	3900001	3925000	23.25
Chr1	3925001	3950000	21
Chr1	3950001	3975000	16.25
Chr1	3975001	4000000	13.25
Chr1	4000001	4025000	15.75
Chr1	4025001	4050000	7.75
Chr1	4050001	4075000	12.25
Chr1	4075001	4100000	5.5
Chr1	4100001	4125000	11.5
Chr1	4125001	4150000	16.75
Chr1	4150001	4175000	8.25
Chr1	4175001	4200000	5.25
Chr1	4200001	4225000	7.75
Chr1	4225001	4250000	5.5
Chr1	4250001	4275000	6.75
Chr1	4275001	4300000	9.75
Chr1	4300001	4325000	11.5
Chr1	4325001	4350000	7.25
Chr1	4350001	4375000	8
Chr1	4375001	4400000	12
Chr1	4400001	4425000	3
Chr1	4425001	4450000	7
Chr1	4450001	4475000	8.25
Chr1	4475001	4500000	7.25
Chr1	4500001	4525000	5
Chr1	4525001	4550000	7
Chr1	4550001	4575000	6.5
Chr1	4575001	4600000	5.5
Chr1	4600001	4625000	6
Chr1	4625001	4650000	5
Chr1	4650001	4675000	4.25
Chr1	4675001	4700000	6.75
Chr1	4700001	4725000	8.25
Chr1	4725001	4750000	14.25
Chr1	4750001	4775000	22
Chr1	4775001	4800000	18.5
Chr1	4800001	4825000	24.25
Chr1	4825001	4850000	8
Chr1	4850001	4875000	7.5
Chr1	4875001	4900000	11.75
Chr1	4900001	4925000	8.25
Chr1	4925001	4950000	9
Chr1	4950001	4975000	9.75
Chr1	4975001	5000000	15
Chr1	5000001	5025000	49.25
Chr1	5025001	5050000	9.5
Chr1	5050001	5075000	12.5
Chr1	5075001	5100000	14.5
Chr1	5100001	5125000	7.5
Chr1	5125001	5150000	11.25
Chr1	5150001	5175000	20.75
Chr1	5175001	5200000	8.25
Chr1	5200001	5225000	17.75
Chr1	5225001	5250000	13.75
Chr1	5250001	5275000	13.5
Chr1	5275001	5300000	13.75
Chr1	5300001	5325000	27
Chr1	5325001	5350000	20.25
Chr1	5350001	5375000	23.25
Chr1	5375001	5400000	59.25
Chr1	5400001	5425000	13.5
Chr1	5425001	5450000	20.25
Chr1	5450001	5475000	14
Chr1	5475001	5500000	41.25
Chr1	5500001	5525000	48
Chr1	5525001	5550000	72.75
Chr1	5550001	5575000	101.5
Chr1	5575001	5600000	123.75
Chr1	5600001	5625000	56
Chr1	5625001	5650000	77.25
Chr1	5650001	5675000	105
Chr1	5675001	5700000	132.25
Chr1	5700001	5725000	131.75
Chr1	5725001	5750000	143
Chr1	5750001	5775000	279
Chr1	5775001	5800000	175.25
Chr1	5800001	5825000	182.75
Chr1	5825001	5850000	133.75
Chr1	5850001	5875000	122.75
Chr1	5875001	5900000	123.75
Chr1	5900001	5925000	176.75
Chr1	5925001	5950000	98.75
Chr1	5950001	5975000	92.25
Chr1	5975001	6000000	91.5
Chr1	6000001	6025000	62.75
Chr1	6025001	6050000	65
Chr1	6050001	6075000	31.5
Chr1	6075001	6100000	26.75
Chr1	6100001	6125000	45.25
Chr1	6125001	6150000	52
Chr1	6150001	6175000	40.5
Chr1	6175001	6200000	27.5
Chr1	6200001	6225000	13.5
Chr1	6225001	6250000	15
Chr1	6250001	6275000	34.5
Chr1	6275001	6300000	29.25
Chr1	6300001	6325000	29.75
Chr1	6325001	6350000	25.5
Chr1	6350001	6375000	30.75
Chr1	6375001	6400000	31
Chr1	6400001	6425000	37.5
Chr1	6425001	6450000	13
Chr1	6450001	6475000	11.5
Chr1	6475001	6500000	5.5
Chr1	6500001	6525000	5.75
Chr1	6525001	6550000	20
Chr1	6550001	6575000	19
Chr1	6575001	6600000	19.75
Chr1	6600001	6625000	38.5
Chr1	6625001	6650000	59.25
Chr1	6650001	6675000	80.75
Chr1	6675001	6700000	46.75
Chr1	6700001	6725000	22
Chr1	6725001	6750000	26.75
Chr1	6750001	6775000	23.5
Chr1	6775001	6800000	32
Chr1	6800001	6825000	27.25
Chr1	6825001	6850000	39.75
Chr1	6850001	6875000	26
Chr1	6875001	6900000	22.75
Chr1	6900001	6925000	42.5
Chr1	6925001	6950000	100.75
Chr1	6950001	6975000	100.25
Chr1	6975001	7000000	77
Chr1	7000001	7025000	101.25
Chr1	7025001	7050000	69
Chr1	7050001	7075000	77
Chr1	7075001	7100000	139
Chr1	7100001	7125000	129.75
Chr1	7125001	7150000	50
Chr1	7150001	7175000	84.25
Chr1	7175001	7200000	106
Chr1	7200001	7225000	150.75
Chr1	7225001	7250000	90.75
Chr1	7250001	7275000	69.5
Chr1	7275001	7300000	221.75
Chr1	7300001	7325000	170.5
Chr1	7325001	7350000	103
Chr1	7350001	7375000	192.75
Chr1	7375001	7400000	239.25
Chr1	7400001	7425000	132.5
Chr1	7425001	7450000	151.5
Chr1	7450001	7475000	122.25
Chr1	7475001	7500000	124.25
Chr1	7500001	7525000	134.25
Chr1	7525001	7550000	90
Chr1	7550001	7575000	216.5
Chr1	7575001	7600000	287.75
Chr1	7600001	7625000	215.75
Chr1	7625001	7650000	210.5
Chr1	7650001	7675000	89.25
Chr1	7675001	7700000	114.5
Chr1	7700001	7725000	116.5
Chr1	7725001	7750000	24
Chr1	7750001	7775000	68.5
Chr1	7775001	7800000	98.5
Chr1	7800001	7825000	42
Chr1	7825001	7850000	53.75
Chr1	7850001	7875000	30.75
Chr1	7875001	7900000	35.25
Chr1	7900001	7925000	18.5
Chr1	7925001	7950000	5
Chr1	7950001	7975000	12.5
Chr1	7975001	8000000	3.25
Chr1	8000001	8025000	7.75
Chr1	8025001	8050000	9.25
Chr1	8050001	8075000	5.5
Chr1	8075001	8100000	11.25
Chr1	8100001	8125000	6.75
Chr1	8125001	8150000	7.25
Chr1	8150001	8175000	11.75
Chr1	8175001	8200000	5.75
Chr1	8200001	8225000	18
Chr1	8225001	8250000	8.25
Chr1	8250001	8275000	9.75
Chr1	8275001	8300000	6
Chr1	8300001	8325000	14
Chr1	8325001	8350000	13.25
Chr1	8350001	8375000	10
Chr1	8375001	8400000	18.5
Chr1	8400001	8425000	43
Chr1	8425001	8450000	26.25
Chr1	8450001	8475000	14.75
Chr1	8475001	8500000	11
Chr1	8500001	8525000	16.25
Chr1	8525001	8550000	18.25
Chr1	8550001	8575000	4.5
Chr1	8575001	8600000	9.5
Chr1	8600001	8625000	14.25
Chr1	8625001	8650000	16.5
Chr1	8650001	8675000	17
Chr1	8675001	8700000	36.75
Chr1	8700001	8725000	15.5
Chr1	8725001	8750000	12.25
Chr1	8750001	8775000	12.25
Chr1	8775001	8800000	6.5
Chr1	8800001	8825000	13
Chr1	8825001	8850000	14.75
Chr1	8850001	8875000	10.25
Chr1	8875001	8900000	11
Chr1	8900001	8925000	8.25
Chr1	8925001	8950000	4.5
Chr1	8950001	8975000	83.5
Chr1	8975001	9000000	138.25
Chr1	9000001	9025000	111
Chr1	9025001	9050000	5
Chr1	9050001	9075000	6.5
Chr1	9075001	9100000	9
Chr1	9100001	9125000	8.25
Chr1	9125001	9150000	2.5
Chr1	9150001	9175000	4
Chr1	9175001	9200000	6.75
Chr1	9200001	9225000	4.25
Chr1	9225001	9250000	5.5
Chr1	9250001	9275000	5
Chr1	9275001	9300000	4.25
Chr1	9300001	9325000	4
Chr1	9325001	9350000	5.25
Chr1	9350001	9375000	5.75
Chr1	9375001	9400000	6.25
Chr1	9400001	9425000	6.25
Chr1	9425001	9450000	2.5
Chr1	9450001	9475000	5
Chr1	9475001	9500000	6.75
Chr1	9500001	9525000	8.25
Chr1	9525001	9550000	6.25
Chr1	9550001	9575000	5.75
Chr1	9575001	9600000	11.5
Chr1	9600001	9625000	8.5
Chr1	9625001	9650000	10
Chr1	9650001	9675000	6.25
Chr1	9675001	9700000	3.5
Chr1	9700001	9725000	10.75
Chr1	9725001	9750000	9.75
Chr1	9750001	9775000	14.25
Chr1	9775001	9800000	22
Chr1	9800001	9825000	10
Chr1	9825001	9850000	9.75
Chr1	9850001	9875000	13.5
Chr1	9875001	9900000	14.25
Chr1	9900001	9925000	12
Chr1	9925001	9950000	10.75
Chr1	9950001	9975000	23.25
Chr1	9975001	10000000	19.5
Chr1	10000001	10025000	16.75
Chr1	10025001	10050000	12.5
Chr1	10050001	10075000	20.75
Chr1	10075001	10100000	52.25
Chr1	10100001	10125000	29.75
Chr1	10125001	10150000	9
Chr1	10150001	10175000	9
Chr1	10175001	10200000	12
Chr1	10200001	10225000	11.25
Chr1	10225001	10250000	7.25
Chr1	10250001	10275000	5.25
Chr1	10275001	10300000	8
Chr1	10300001	10325000	10.5
Chr1	10325001	10350000	16.5
Chr1	10350001	10375000	11.75
Chr1	10375001	10400000	17.75
Chr1	10400001	10425000	20.75
Chr1	10425001	10450000	8
Chr1	10450001	10475000	8.5
Chr1	10475001	10500000	22.25
Chr1	10500001	10525000	25
Chr1	10525001	10550000	14.75
Chr1	10550001	10575000	31.25
Chr1	10575001	10600000	14
Chr1	10600001	10625000	17.25
Chr1	10625001	10650000	10.25
Chr1	10650001	10675000	17.5
Chr1	10675001	10700000	32.75
Chr1	10700001	10725000	19.25
Chr1	10725001	10750000	17
Chr1	10750001	10775000	69.75
Chr1	10775001	10800000	86.75
Chr1	10800001	10825000	105.75
Chr1	10825001	10850000	41
Chr1	10850001	10875000	62.75
Chr1	10875001	10900000	139.25
Chr1	10900001	10925000	211.5
Chr1	10925001	10950000	79.5
Chr1	10950001	10975000	134.75
Chr1	10975001	11000000	189.5
Chr1	11000001	11025000	140
Chr1	11025001	11050000	207.5
Chr1	11050001	11075000	146.25
Chr1	11075001	11100000	238.75
Chr1	11100001	11125000	73.25
Chr1	11125001	11150000	80
Chr1	11150001	11175000	57
Chr1	11175001	11200000	88.25
Chr1	11200001	11225000	170
Chr1	11225001	11250000	139.25
Chr1	11250001	11275000	136
Chr1	11275001	11300000	161
Chr1	11300001	11325000	121
Chr1	11325001	11350000	146.75
Chr1	11350001	11375000	329
Chr1	11375001	11400000	148.25
Chr1	11400001	11425000	211.5
Chr1	11425001	11450000	376.75
Chr1	11450001	11475000	64.5
Chr1	11475001	11500000	294.75
Chr1	11500001	11525000	324.25
Chr1	11525001	11550000	325.25
Chr1	11550001	11575000	212.5
Chr1	11575001	11600000	247
Chr1	11600001	11625000	303.5
Chr1	11625001	11650000	210.5
Chr1	11650001	11675000	90.5
Chr1	11675001	11700000	77
Chr1	11700001	11725000	52.25
Chr1	11725001	11750000	51.75
Chr1	11750001	11775000	91
Chr2	1	25000	170.75
Chr2	25001	50000	126.5
Chr2	50001	75000	98.5
Chr2	75001	100000	93.25
Chr2	100001	125000	86.5
Chr2	125001	150000	167.25
Chr2	150001	175000	175.75
Chr2	175001	200000	198
Chr2	200001	225000	300.5
Chr2	225001	250000	252.5
Chr2	250001	275000	100.25
Chr2	275001	300000	257.5
Chr2	300001	325000	84
Chr2	325001	350000	184
Chr2	350001	375000	216.5
Chr2	375001	400000	202.75
Chr2	400001	425000	68.75
Chr2	425001	450000	220.5
Chr2	450001	475000	218
Chr2	475001	500000	177.5
Chr2	500001	525000	314.75
Chr2	525001	550000	293.25
Chr2	550001	575000	225.5
Chr2	575001	600000	270.75
Chr2	600001	625000	202.5
Chr2	625001	650000	210.25
Chr2	650001	675000	242
Chr2	675001	700000	116.75
Chr2	700001	725000	151.75
Chr2	725001	750000	171
Chr2	750001	775000	110.5
Chr2	775001	800000	163
Chr2	800001	825000	94
Chr2	825001	850000	187.5
Chr2	850001	875000	87.5
Chr2	875001	900000	64.25
Chr2	900001	925000	83.25
Chr2	925001	950000	68.25
Chr2	950001	975000	19.75
Chr2	975001	1000000	18.75
Chr2	1000001	1025000	15.5
Chr2	1025001	1050000	27
Chr2	1050001	1075000	36.5
Chr2	1075001	1100000	46.5
Chr2	1100001	1125000	46.5
Chr2	1125001	1150000	18.5
Chr2	1150001	1175000	50.5
Chr2	1175001	1200000	31.25
Chr2	1200001	1225000	17.75
Chr2	1225001	1250000	15
Chr2	1250001	1275000	10
Chr2	1275001	1300000	16.75
Chr2	1300001	1325000	10.25
Chr2	1325001	1350000	7.5
Chr2	1350001	1375000	14.5
Chr2	1375001	1400000	20
Chr2	1400001	1425000	18.75
Chr2	1425001	1450000	22
Chr2	1450001	1475000	18
Chr2	1475001	1500000	18
Chr2	1500001	1525000	15.75
Chr2	1525001	1550000	12.5
Chr2	1550001	1575000	9
Chr2	1575001	1600000	8
Chr2	1600001	1625000	13.5
Chr2	1625001	1650000	15.5
Chr2	1650001	1675000	12.75
Chr2	1675001	1700000	9.75
Chr2	1700001	1725000	12.75
Chr2	1725001	1750000	12
Chr2	1750001	1775000	6.5
Chr2	1775001	1800000	8.75
Chr2	1800001	1825000	8.75
Chr2	1825001	1850000	12
Chr2	1850001	1875000	7.25
Chr2	1875001	1900000	10.5
Chr2	1900001	1925000	9.75
Chr2	1925001	1950000	14
Chr2	1950001	1975000	10
Chr2	1975001	2000000	8.75
Chr2	2000001	2025000	16.5
Chr2	2025001	2050000	9.5
Chr2	2050001	2075000	7.25
Chr2	2075001	2100000	5.75
Chr2	2100001	2125000	10
Chr2	2125001	2150000	18.25
Chr2	2150001	2175000	7
Chr2	2175001	2200000	5.75
Chr2	2200001	2225000	8.75
Chr2	2225001	2250000	12.5
Chr2	2250001	2275000	8.25
Chr2	2275001	2300000	13.75
Chr2	2300001	2325000	22.75
Chr2	2325001	2350000	10.25
Chr2	2350001	2375000	11
Chr2	2375001	2400000	16
Chr2	2400001	2425000	12.25
Chr2	2425001	2450000	17.5
Chr2	2450001	2475000	15.75
Chr2	2475001	2500000	14.75
Chr2	2500001	2525000	21.25
Chr2	2525001	2550000	20.5
Chr2	2550001	2575000	25.75
Chr2	2575001	2600000	26
Chr2	2600001	2625000	29
Chr2	2625001	2650000	37.5
Chr2	2650001	2675000	33.25
Chr2	2675001	2700000	13.25
Chr2	2700001	2725000	23.25
Chr2	2725001	2750000	20.5
Chr2	2750001	2775000	10
Chr2	2775001	2800000	24
Chr2	2800001	2825000	65.25
Chr2	2825001	2850000	88.75
Chr2	2850001	2875000	90.25
Chr2	2875001	2900000	84.5
Chr2	2900001	2925000	125.25
Chr2	2925001	2950000	42.25
Chr2	2950001	2975000	20.25
Chr2	2975001	3000000	13.5
Chr2	3000001	3025000	29.75
Chr2	3025001	3050000	12
Chr2	3050001	3075000	19.25
Chr2	3075001	3100000	32.25
Chr2	3100001	3125000	18.75
Chr2	3125001	3150000	17
Chr2	3150001	3175000	26
Chr2	3175001	3200000	32.5
Chr2	3200001	3225000	27.5
Chr2	3225001	3250000	29.25
Chr2	3250001	3275000	56.5
Chr2	3275001	3300000	313.25
Chr2	3300001	3325000	250.5
Chr2	3325001	3350000	48
Chr2	3350001	3375000	27
Chr2	3375001	3400000	22.75
Chr2	3400001	3425000	23
Chr2	3425001	3450000	27.75
Chr2	3450001	3475000	39
Chr2	3475001	3500000	44
Chr2	3500001	3525000	73.25
Chr2	3525001	3550000	77.25
Chr2	3550001	3575000	119.75
Chr2	3575001	3600000	76
Chr2	3600001	3625000	36.5
Chr2	3625001	3650000	19.75
Chr2	3650001	3675000	49.5
Chr2	3675001	3700000	114.25
Chr2	3700001	3725000	83.5
Chr2	3725001	3750000	84
Chr2	3750001	3775000	98.25
Chr2	3775001	3800000	116.75
Chr2	3800001	3825000	148
Chr2	3825001	3850000	122.5
Chr2	3850001	3875000	131.5
Chr2	3875001	3900000	109.5
Chr2	3900001	3925000	90.5
Chr2	3925001	3950000	142
Chr2	3950001	3975000	158.5
Chr2	3975001	4000000	103.5
Chr2	4000001	4025000	105.75
Chr2	4025001	4050000	154.25
Chr2	4050001	4075000	167.5
Chr2	4075001	4100000	99.25
Chr2	4100001	4125000	158
Chr2	4125001	4150000	214.75
Chr2	4150001	4175000	224.5
Chr2	4175001	4200000	134.75
Chr2	4200001	4225000	174.25
Chr2	4225001	4250000	261
Chr2	4250001	4275000	102.5
Chr2	4275001	4300000	52
Chr2	4300001	4325000	59.75
Chr2	4325001	4350000	121.75
Chr2	4350001	4375000	28.25
Chr2	4375001	4400000	94.75
Chr2	4400001	4425000	119
Chr2	4425001	4450000	45.25
Chr2	4450001	4475000	125.25
Chr2	4475001	4500000	182
Chr2	4500001	4525000	102
Chr2	4525001	4550000	126.75
Chr2	4550001	4575000	94
Chr2	4575001	4600000	140.5
Chr2	4600001	4625000	111.75
Chr2	4625001	4650000	170.5
Chr2	4650001	4675000	75.75
Chr2	4675001	4700000	149
Chr2	4700001	4725000	180.5
Chr2	4725001	4750000	115
Chr2	4750001	4775000	138.75
Chr2	4775001	4800000	103.5
Chr2	4800001	4825000	90.75
Chr2	4825001	4850000	95.25
Chr2	4850001	4875000	117
Chr2	4875001	4900000	49.75
Chr2	4900001	4925000	89.5
Chr2	4925001	4950000	83
Chr2	4950001	4975000	127.25
Chr2	4975001	5000000	116
Chr2	5000001	5025000	43.5
Chr2	5025001	5050000	86.5
Chr2	5050001	5075000	39.5
Chr2	5075001	5100000	49
Chr2	5100001	5125000	121.25
Chr2	5125001	5150000	92.5
Chr2	5150001	5175000	79.25
Chr2	5175001	5200000	85.75
Chr2	5200001	5225000	100.75
Chr2	5225001	5250000	117.5
Chr2	5250001	5275000	105.75
Chr2	5275001	5300000	130
Chr2	5300001	5325000	41.75
Chr2	5325001	5350000	81.25
Chr2	5350001	5375000	90.75
Chr2	5375001	5400000	55.75
Chr2	5400001	5425000	28.5
Chr2	5425001	5450000	36.75
Chr2	5450001	5475000	31.75
Chr2	5475001	5500000	51.5
Chr2	5500001	5525000	67
Chr2	5525001	5550000	79.5
Chr2	5550001	5575000	96
Chr2	5575001	5600000	132.5
Chr2	5600001	5625000	61.25
Chr2	5625001	5650000	54.5
Chr2	5650001	5675000	79.5
Chr2	5675001	5700000	76.25
Chr2	5700001	5725000	90.75
Chr2	5725001	5750000	111.5
Chr2	5750001	5775000	91.25
Chr2	5775001	5800000	114
Chr2	5800001	5825000	95.25
Chr2	5825001	5850000	72.5
Chr2	5850001	5875000	73.75
Chr2	5875001	5900000	101.75
Chr2	5900001	5925000	62.75
Chr2	5925001	5950000	92.25
Chr2	5950001	5975000	115
Chr2	5975001	6000000	81.5
Chr2	6000001	6025000	117.75
Chr2	6025001	6050000	117
Chr2	6050001	6075000	111
Chr2	6075001	6100000	130.5
Chr2	6100001	6125000	159.75
Chr2	6125001	6150000	200.5
Chr2	6150001	6175000	126.25
Chr2	6175001	6200000	132.25
Chr2	6200001	6225000	73.75
Chr2	6225001	6250000	84.25
Chr2	6250001	6275000	207.75
Chr2	6275001	6300000	125.5
Chr2	6300001	6325000	70
Chr2	6325001	6350000	72
Chr2	6350001	6375000	73.25
Chr2	6375001	6400000	70.5
Chr2	6400001	6425000	104.75
Chr2	6425001	6450000	90.25
Chr2	6450001	6475000	146
Chr2	6475001	6500000	65.5
Chr2	6500001	6525000	80.5
Chr2	6525001	6550000	74.75
Chr2	6550001	6575000	71
Chr2	6575001	6600000	71
Chr2	6600001	6625000	45
Chr2	6625001	6650000	89.25
Chr2	6650001	6675000	89.5
Chr2	6675001	6700000	38.5
Chr2	6700001	6725000	17.5
Chr2	6725001	6750000	15.75
Chr2	6750001	6775000	25
Chr2	6775001	6800000	13.25
Chr2	6800001	6825000	14.25
Chr2	6825001	6850000	14.5
Chr2	6850001	6875000	14.5
Chr2	6875001	6900000	11.75
Chr2	6900001	6925000	8.25
Chr2	6925001	6950000	7.75
Chr2	6950001	6975000	10.75
Chr2	6975001	7000000	4.5
Chr2	7000001	7025000	9
Chr2	7025001	7050000	5.75
Chr2	7050001	7075000	5.75
Chr2	7075001	7100000	13
Chr2	7100001	7125000	7.5
Chr2	7125001	7150000	8.25
Chr2	7150001	7175000	4.5
Chr2	7175001	7200000	6
Chr2	7200001	7225000	9.5
Chr2	7225001	7250000	2.25
Chr2	7250001	7275000	2.75
Chr2	7275001	7300000	1.5
Chr2	7300001	7325000	2.75
Chr2	7325001	7350000	3.5
Chr2	7350001	7375000	1.25
Chr2	7375001	7400000	2.25
Chr2	7400001	7425000	8.5
Chr2	7425001	7450000	4.5
Chr2	7450001	7475000	5.5
Chr2	7475001	7500000	3
Chr2	7500001	7525000	13.75
Chr2	7525001	7550000	8
Chr2	7550001	7575000	4.5
Chr2	7575001	7600000	3
Chr2	7600001	7625000	53.25
Chr2	7625001	7650000	8.5
Chr2	7650001	7675000	8.75
Chr2	7675001	7700000	13.5
Chr2	7700001	7725000	14.75
Chr2	7725001	7750000	8.25
Chr2	7750001	7775000	8.25
Chr2	7775001	7800000	11.75
Chr2	7800001	7825000	39.25
Chr2	7825001	7850000	93.75
Chr2	7850001	7875000	94.25
Chr2	7875001	7900000	17.75
Chr2	7900001	7925000	19.5
Chr2	7925001	7950000	11.5
Chr2	7950001	7975000	10.25
Chr2	7975001	8000000	9
Chr2	8000001	8025000	38.75
Chr2	8025001	8050000	36.75
Chr2	8050001	8075000	32.25
Chr2	8075001	8100000	44
Chr2	8100001	8125000	52.25
Chr2	8125001	8150000	90.25
Chr2	8150001	8175000	31.25
Chr2	8175001	8200000	30.25
Chr2	8200001	8225000	256.25
Chr2	8225001	8250000	163.75
Chr2	8250001	8275000	181
Chr2	8275001	8300000	325.75
Chr2	8300001	8325000	329.5
Chr2	8325001	8350000	237.5
Chr2	8350001	8375000	237.25
Chr2	8375001	8400000	229.5
Chr2	8400001	8425000	208.25
Chr2	8425001	8450000	140
Chr2	8450001	8475000	111
Chr2	8475001	8500000	73.5
Chr2	8500001	8525000	126.75
Chr2	8525001	8550000	159.75
Chr2	8550001	8575000	230.5
Chr2	8575001	8600000	291.5
Chr2	8600001	8625000	232.5
Chr2	8625001	8650000	192.5
Chr2	8650001	8675000	211.75
Chr2	8675001	8700000	224
Chr2	8700001	8725000	181.25
Chr2	8725001	8750000	165.75
Chr2	8750001	8775000	75.5
Chr2	8775001	8800000	110.5
Chr2	8800001	8825000	167
Chr2	8825001	8850000	150.5
Chr2	8850001	8875000	109.5
Chr2	8875001	8900000	97.25
Chr2	8900001	8925000	111
Chr2	8925001	8950000	6.25
Chr2	8950001	8975000	4.5
Chr2	8975001	9000000	38.75
Chr3	1	25000	87.25
Chr3	25001	50000	87.25
Chr3	50001	75000	94
Chr3	75001	100000	179.5
Chr3	100001	125000	124
Chr3	125001	150000	15.25
Chr3	150001	175000	98.75
Chr3	175001	200000	115
Chr3	200001	225000	270.5
Chr3	225001	250000	178.25
Chr3	250001	275000	42
Chr3	275001	300000	91
Chr3	300001	325000	138.25
Chr3	325001	350000	82.75
Chr3	350001	375000	29.5
Chr3	375001	400000	42.25
Chr3	400001	425000	121.5
Chr3	425001	450000	137.5
Chr3	450001	475000	134.75
Chr3	475001	500000	182
Chr3	500001	525000	262.75
Chr3	525001	550000	76.5
Chr3	550001	575000	25
Chr3	575001	600000	24.5
Chr3	600001	625000	25.5
Chr3	625001	650000	28
Chr3	650001	675000	44
Chr3	675001	700000	21.5
Chr3	700001	725000	6.75
Chr3	725001	750000	18
Chr3	750001	775000	18.75
Chr3	775001	800000	13.25
Chr3	800001	825000	14.5
Chr3	825001	850000	11.5
Chr3	850001	875000	12
Chr3	875001	900000	17
Chr3	900001	925000	13.75
Chr3	925001	950000	12.25
Chr3	950001	975000	9.25
Chr3	975001	1000000	6.75
Chr3	1000001	1025000	14
Chr3	1025001	1050000	9
Chr3	1050001	1075000	9.5
Chr3	1075001	1100000	13.75
Chr3	1100001	1125000	10.25
Chr3	1125001	1150000	7.5
Chr3	1150001	1175000	11.5
Chr3	1175001	1200000	12.25
Chr3	1200001	1225000	15.25
Chr3	1225001	1250000	14
Chr3	1250001	1275000	16.5
Chr3	1275001	1300000	11.5
Chr3	1300001	1325000	11
Chr3	1325001	1350000	16
Chr3	1350001	1375000	10.25
Chr3	1375001	1400000	19
Chr3	1400001	1425000	9
Chr3	1425001	1450000	14.5
Chr3	1450001	1475000	11.25
Chr3	1475001	1500000	11.25
Chr3	1500001	1525000	18
Chr3	1525001	1550000	24.75
Chr3	1550001	1575000	16
Chr3	1575001	1600000	23.5
Chr3	1600001	1625000	16.25
Chr3	1625001	1650000	10.75
Chr3	1650001	1675000	15
Chr3	1675001	1700000	37.25
Chr3	1700001	1725000	6.25
Chr3	1725001	1750000	6.5
Chr3	1750001	1775000	10.5
Chr3	1775001	1800000	9.25
Chr3	1800001	1825000	10.25
Chr3	1825001	1850000	6
Chr3	1850001	1875000	4.75
Chr3	1875001	1900000	5.75
Chr3	1900001	1925000	3.75
Chr3	1925001	1950000	12.5
Chr3	1950001	1975000	9.5
Chr3	1975001	2000000	5.5
Chr3	2000001	2025000	12
Chr3	2025001	2050000	8.75
Chr3	2050001	2075000	9
Chr3	2075001	2100000	7.5
Chr3	2100001	2125000	9.75
Chr3	2125001	2150000	15
Chr3	2150001	2175000	13.5
Chr3	2175001	2200000	12.25
Chr3	2200001	2225000	10.25
Chr3	2225001	2250000	10
Chr3	2250001	2275000	10
Chr3	2275001	2300000	8.75
Chr3	2300001	2325000	8
Chr3	2325001	2350000	6.5
Chr3	2350001	2375000	11.5
Chr3	2375001	2400000	15.5
Chr3	2400001	2425000	16.75
Chr3	2425001	2450000	12.5
Chr3	2450001	2475000	20.75
Chr3	2475001	2500000	10.75
Chr3	2500001	2525000	12
Chr3	2525001	2550000	9.25
Chr3	2550001	2575000	14.75
Chr3	2575001	2600000	6.25
Chr3	2600001	2625000	6.25
Chr3	2625001	2650000	5
Chr3	2650001	2675000	6.75
Chr3	2675001	2700000	5.5
Chr3	2700001	2725000	9.75
Chr3	2725001	2750000	9.25
Chr3	2750001	2775000	12
Chr3	2775001	2800000	9.75
Chr3	2800001	2825000	17.5
Chr3	2825001	2850000	14.25
Chr3	2850001	2875000	11
Chr3	2875001	2900000	11
Chr3	2900001	2925000	7.5
Chr3	2925001	2950000	11.25
Chr3	2950001	2975000	15.75
Chr3	2975001	3000000	11
Chr3	3000001	3025000	11.75
Chr3	3025001	3050000	13.25
Chr3	3050001	3075000	8.5
Chr3	3075001	3100000	27.75
Chr3	3100001	3125000	25.25
Chr3	3125001	3150000	25.5
Chr3	3150001	3175000	46.75
Chr3	3175001	3200000	32.5
Chr3	3200001	3225000	23.75
Chr3	3225001	3250000	11.25
Chr3	3250001	3275000	21.25
Chr3	3275001	3300000	49.25
Chr3	3300001	3325000	63
Chr3	3325001	3350000	21
Chr3	3350001	3375000	12.5
Chr3	3375001	3400000	54.75
Chr3	3400001	3425000	50
Chr3	3425001	3450000	58.25
Chr3	3450001	3475000	44.75
Chr3	3475001	3500000	51.75
Chr3	3500001	3525000	40
Chr3	3525001	3550000	26.25
Chr3	3550001	3575000	35
Chr3	3575001	3600000	13.75
Chr3	3600001	3625000	21.75
Chr3	3625001	3650000	45.75
Chr3	3650001	3675000	21.5
Chr3	3675001	3700000	5
Chr3	3700001	3725000	11.5
Chr3	3725001	3750000	25.25
Chr3	3750001	3775000	7.25
Chr3	3775001	3800000	8.5
Chr3	3800001	3825000	7.5
Chr3	3825001	3850000	16.75
Chr3	3850001	3875000	5
Chr3	3875001	3900000	12.5
Chr3	3900001	3925000	11.75
Chr3	3925001	3950000	8.5
Chr3	3950001	3975000	5.5
Chr3	3975001	4000000	5.5
Chr3	4000001	4025000	6
Chr3	4025001	4050000	5.5
Chr3	4050001	4075000	8.75
Chr3	4075001	4100000	6
Chr3	4100001	4125000	5.75
Chr3	4125001	4150000	8
Chr3	4150001	4175000	6.5
Chr3	4175001	4200000	10
Chr3	4200001	4225000	12.5
Chr3	4225001	4250000	13
Chr3	4250001	4275000	32.25
Chr3	4275001	4300000	9.25
Chr3	4300001	4325000	11
Chr3	4325001	4350000	6
Chr3	4350001	4375000	3.5
Chr3	4375001	4400000	5.75
Chr3	4400001	4425000	1.25
Chr3	4425001	4450000	9
Chr3	4450001	4475000	6.25
Chr3	4475001	4500000	4
Chr3	4500001	4525000	7.75
Chr3	4525001	4550000	3.75
Chr3	4550001	4575000	3
Chr3	4575001	4600000	2.5
Chr3	4600001	4625000	3
Chr3	4625001	4650000	2.5
Chr3	4650001	4675000	4.5
Chr3	4675001	4700000	13.75
Chr3	4700001	4725000	3
Chr3	4725001	4750000	11
Chr3	4750001	4775000	7.25
Chr3	4775001	4800000	6.25
Chr3	4800001	4825000	7
Chr3	4825001	4850000	4
Chr3	4850001	4875000	4.25
Chr3	4875001	4900000	2.75
Chr3	4900001	4925000	7.75
Chr3	4925001	4950000	15.75
Chr3	4950001	4975000	17.75
Chr3	4975001	5000000	18.5
Chr3	5000001	5025000	12
Chr3	5025001	5050000	5.25
Chr3	5050001	5075000	6
Chr3	5075001	5100000	4
Chr3	5100001	5125000	4.75
Chr3	5125001	5150000	2.5
Chr3	5150001	5175000	5.5
Chr3	5175001	5200000	7.75
Chr3	5200001	5225000	5.5
Chr3	5225001	5250000	2.25
Chr3	5250001	5275000	3.5
Chr3	5275001	5300000	3.25
Chr3	5300001	5325000	4.25
Chr3	5325001	5350000	2.75
Chr3	5350001	5375000	73.5
Chr3	5375001	5400000	71.25
Chr3	5400001	5425000	13
Chr3	5425001	5450000	3
Chr3	5450001	5475000	2.25
Chr3	5475001	5500000	3.25
Chr3	5500001	5525000	3
Chr3	5525001	5550000	5.25
Chr3	5550001	5575000	2.5
Chr3	5575001	5600000	2.25
Chr3	5600001	5625000	4
Chr3	5625001	5650000	2.5
Chr3	5650001	5675000	1.75
Chr3	5675001	5700000	3.75
Chr3	5700001	5725000	2.5
Chr3	5725001	5750000	2
Chr3	5750001	5775000	4.25
Chr3	5775001	5800000	4.25
Chr3	5800001	5825000	6
Chr3	5825001	5850000	3.25
Chr3	5850001	5875000	4.75
Chr3	5875001	5900000	4.75
Chr3	5900001	5925000	3
Chr3	5925001	5950000	2.75
Chr3	5950001	5975000	3
Chr3	5975001	6000000	3.25
Chr3	6000001	6025000	2.5
Chr3	6025001	6050000	2
Chr3	6050001	6075000	2.25
Chr3	6075001	6100000	8.5
Chr3	6100001	6125000	7.75
Chr3	6125001	6150000	9
Chr3	6150001	6175000	2.75
Chr3	6175001	6200000	13
Chr3	6200001	6225000	20.5
Chr3	6225001	6250000	18
Chr3	6250001	6275000	18
Chr3	6275001	6300000	49.75
Chr3	6300001	6325000	26.5
Chr3	6325001	6350000	46
Chr3	6350001	6375000	51.5
Chr3	6375001	6400000	25.25
Chr3	6400001	6425000	34.5
Chr3	6425001	6450000	28.25
Chr3	6450001	6475000	54.25
Chr3	6475001	6500000	51.5
Chr3	6500001	6525000	131.5
Chr3	6525001	6550000	76.75
Chr3	6550001	6575000	101
Chr3	6575001	6600000	116
Chr3	6600001	6625000	151.75
Chr3	6625001	6650000	68
Chr3	6650001	6675000	23
Chr3	6675001	6700000	51.75
Chr3	6700001	6725000	163.5
Chr3	6725001	6750000	88.75
Chr3	6750001	6775000	117.5
Chr3	6775001	6800000	240
Chr3	6800001	6825000	252
Chr3	6825001	6850000	342.5
Chr3	6850001	6875000	238.75
Chr3	6875001	6900000	169.5
Chr3	6900001	6925000	164
Chr3	6925001	6950000	131.5
Chr3	6950001	6975000	177.25
Chr3	6975001	7000000	221.75
Chr3	7000001	7025000	278
Chr3	7025001	7050000	200.5
Chr3	7050001	7075000	180.5
Chr3	7075001	7100000	264
Chr3	7100001	7125000	204.75
Chr3	7125001	7150000	204.5
Chr3	7150001	7175000	311.75
Chr3	7175001	7200000	239
Chr3	7200001	7225000	62.75
Chr3	7225001	7250000	133.75
Chr3	7250001	7275000	90.75
Chr3	7275001	7300000	90.5
Chr3	7300001	7325000	167.25
Chr3	7325001	7350000	209.75
Chr3	7350001	7375000	248
Chr3	7375001	7400000	151
Chr3	7400001	7425000	348.75
Chr3	7425001	7450000	305.75
Chr3	7450001	7475000	240
Chr3	7475001	7500000	270.5
Chr3	7500001	7525000	295.5
Chr3	7525001	7550000	366.75
Chr3	7550001	7575000	437.75
Chr3	7575001	7600000	441
Chr3	7600001	7625000	154
Chr3	7625001	7650000	223
Chr3	7650001	7675000	119
Chr3	7675001	7700000	217.25
Chr3	7700001	7725000	262.5
Chr3	7725001	7750000	153.5
Chr3	7750001	7775000	230.25
Chr3	7775001	7800000	106.75
Chr4	1	25000	43
Chr4	25001	50000	101
Chr4	50001	75000	101
Chr4	75001	100000	107
Chr4	100001	125000	89.75
Chr4	125001	150000	211.25
Chr4	150001	175000	170.5
Chr4	175001	200000	216
Chr4	200001	225000	284.75
Chr4	225001	250000	79.5
Chr4	250001	275000	139.5
Chr4	275001	300000	138
Chr4	300001	325000	89
Chr4	325001	350000	58
Chr4	350001	375000	86.25
Chr4	375001	400000	59
Chr4	400001	425000	104.5
Chr4	425001	450000	68.75
Chr4	450001	475000	51.5
Chr4	475001	500000	35
Chr4	500001	525000	45.75
Chr4	525001	550000	28
Chr4	550001	575000	28.25
Chr4	575001	600000	38
Chr4	600001	625000	23.75
Chr4	625001	650000	25.75
Chr4	650001	675000	10
Chr4	675001	700000	9.5
Chr4	700001	725000	10.5
Chr4	725001	750000	16.25
Chr4	750001	775000	8.75
Chr4	775001	800000	5.5
Chr4	800001	825000	7.25
Chr4	825001	850000	6.75
Chr4	850001	875000	7.75
Chr4	875001	900000	17
Chr4	900001	925000	11
Chr4	925001	950000	7
Chr4	950001	975000	9
Chr4	975001	1000000	22.25
Chr4	1000001	1025000	33.5
Chr4	1025001	1050000	11.25
Chr4	1050001	1075000	16.25
Chr4	1075001	1100000	11.25
Chr4	1100001	1125000	7.5
Chr4	1125001	1150000	10.75
Chr4	1150001	1175000	14
Chr4	1175001	1200000	21.75
Chr4	1200001	1225000	23.25
Chr4	1225001	1250000	15.25
Chr4	1250001	1275000	13.25
Chr4	1275001	1300000	11.75
Chr4	1300001	1325000	19.25
Chr4	1325001	1350000	13.25
Chr4	1350001	1375000	9.25
Chr4	1375001	1400000	12
Chr4	1400001	1425000	12.75
Chr4	1425001	1450000	29.25
Chr4	1450001	1475000	24.75
Chr4	1475001	1500000	13.5
Chr4	1500001	1525000	18.5
Chr4	1525001	1550000	18
Chr4	1550001	1575000	32.25
Chr4	1575001	1600000	34.5
Chr4	1600001	1625000	45.25
Chr4	1625001	1650000	19
Chr4	1650001	1675000	11.5
Chr4	1675001	1700000	22.25
Chr4	1700001	1725000	28.75
Chr4	1725001	1750000	16.5
Chr4	1750001	1775000	9.5
Chr4	1775001	1800000	12
Chr4	1800001	1825000	13
Chr4	1825001	1850000	15
Chr4	1850001	1875000	21.75
Chr4	1875001	1900000	11.5
Chr4	1900001	1925000	14.5
Chr4	1925001	1950000	15
Chr4	1950001	1975000	17
Chr4	1975001	2000000	11.5
Chr4	2000001	2025000	13.75
Chr4	2025001	2050000	16.5
Chr4	2050001	2075000	10.25
Chr4	2075001	2100000	14.5
Chr4	2100001	2125000	14
Chr4	2125001	2150000	15
Chr4	2150001	2175000	11.25
Chr4	2175001	2200000	12.75
Chr4	2200001	2225000	17
Chr4	2225001	2250000	41
Chr4	2250001	2275000	27.25
Chr4	2275001	2300000	15
Chr4	2300001	2325000	13
Chr4	2325001	2350000	17.25
Chr4	2350001	2375000	11
Chr4	2375001	2400000	12.75
Chr4	2400001	2425000	21.75
Chr4	2425001	2450000	15.25
Chr4	2450001	2475000	12
Chr4	2475001	2500000	15.25
Chr4	2500001	2525000	18.25
Chr4	2525001	2550000	22.25
Chr4	2550001	2575000	12.25
Chr4	2575001	2600000	35
Chr4	2600001	2625000	17.5
Chr4	2625001	2650000	14.25
Chr4	2650001	2675000	15.25
Chr4	2675001	2700000	18.25
Chr4	2700001	2725000	9.75
Chr4	2725001	2750000	72
Chr4	2750001	2775000	98.5
Chr4	2775001	2800000	32.5
Chr4	2800001	2825000	48.75
Chr4	2825001	2850000	18.25
Chr4	2850001	2875000	15.25
Chr4	2875001	2900000	37.25
Chr4	2900001	2925000	20.5
Chr4	2925001	2950000	15.5
Chr4	2950001	2975000	19.25
Chr4	2975001	3000000	29.25
Chr4	3000001	3025000	29
Chr4	3025001	3050000	16
Chr4	3050001	3075000	20.75
Chr4	3075001	3100000	21.5
Chr4	3100001	3125000	8.75
Chr4	3125001	3150000	12.75
Chr4	3150001	3175000	9.75
Chr4	3175001	3200000	10
Chr4	3200001	3225000	15
Chr4	3225001	3250000	39.25
Chr4	3250001	3275000	57
Chr4	3275001	3300000	21.25
Chr4	3300001	3325000	23.75
Chr4	3325001	3350000	17.25
Chr4	3350001	3375000	23.5
Chr4	3375001	3400000	25.75
Chr4	3400001	3425000	31.5
Chr4	3425001	3450000	24.5
Chr4	3450001	3475000	11.25
Chr4	3475001	3500000	16.5
Chr4	3500001	3525000	10.5
Chr4	3525001	3550000	9
Chr4	3550001	3575000	13
Chr4	3575001	3600000	19.5
Chr4	3600001	3625000	5
Chr4	3625001	3650000	14.25
Chr4	3650001	3675000	16.25
Chr4	3675001	3700000	11
Chr4	3700001	3725000	15.5
Chr4	3725001	3750000	16.75
Chr4	3750001	3775000	13
Chr4	3775001	3800000	59.25
Chr4	3800001	3825000	37.5
Chr4	3825001	3850000	56.75
Chr4	3850001	3875000	131.75
Chr4	3875001	3900000	113
Chr4	3900001	3925000	126.5
Chr4	3925001	3950000	131.75
Chr4	3950001	3975000	114
Chr4	3975001	4000000	147.25
Chr4	4000001	4025000	71
Chr4	4025001	4050000	83
Chr4	4050001	4075000	148.75
Chr4	4075001	4100000	168
Chr4	4100001	4125000	160
Chr4	4125001	4150000	221.25
Chr4	4150001	4175000	129.25
Chr4	4175001	4200000	87.25
Chr4	4200001	4225000	153.5
Chr4	4225001	4250000	158.25
Chr4	4250001	4275000	168.5
Chr4	4275001	4300000	206.75
Chr4	4300001	4325000	241.75
Chr4	4325001	4350000	96.75
Chr4	4350001	4375000	136.25
Chr4	4375001	4400000	214.5
Chr4	4400001	4425000	218.5
Chr4	4425001	4450000	221.25
Chr4	4450001	4475000	116.75
Chr4	4475001	4500000	172
Chr4	4500001	4525000	136.25
Chr4	4525001	4550000	89.75
Chr4	4550001	4575000	151.75
Chr4	4575001	4600000	257.5
Chr4	4600001	4625000	130.5
Chr4	4625001	4650000	81
Chr4	4650001	4675000	50.25
Chr4	4675001	4700000	23
Chr4	4700001	4725000	20
Chr4	4725001	4750000	20.5
Chr4	4750001	4775000	18.25
Chr4	4775001	4800000	7.25
Chr4	4800001	4825000	16
Chr4	4825001	4850000	9
Chr4	4850001	4875000	7
Chr4	4875001	4900000	5.5
Chr4	4900001	4925000	4
Chr4	4925001	4950000	2.75
Chr4	4950001	4975000	2.75
Chr4	4975001	5000000	3.5
Chr4	5000001	5025000	2.25
Chr4	5025001	5050000	23.25
Chr4	5050001	5075000	136.75
Chr4	5075001	5100000	72.25
Chr4	5100001	5125000	17.75
Chr4	5125001	5150000	3.25
Chr4	5150001	5175000	5.5
Chr4	5175001	5200000	3.75
Chr4	5200001	5225000	4.75
Chr4	5225001	5250000	5
Chr4	5250001	5275000	4.5
Chr4	5275001	5300000	6.75
Chr4	5300001	5325000	7
Chr4	5325001	5350000	6.25
Chr4	5350001	5375000	7.25
Chr4	5375001	5400000	9.75
Chr4	5400001	5425000	8.5
Chr4	5425001	5450000	9.75
Chr4	5450001	5475000	6.75
Chr4	5475001	5500000	13.25
Chr4	5500001	5525000	10.25
Chr4	5525001	5550000	11.75
Chr4	5550001	5575000	17.25
Chr4	5575001	5600000	20
Chr4	5600001	5625000	28.5
Chr4	5625001	5650000	17.75
Chr4	5650001	5675000	26.5
Chr4	5675001	5700000	15
Chr4	5700001	5725000	13.25
Chr4	5725001	5750000	17.25
Chr4	5750001	5775000	18.5
Chr4	5775001	5800000	27.5
Chr4	5800001	5825000	29
Chr4	5825001	5850000	32.75
Chr4	5850001	5875000	15.5
Chr4	5875001	5900000	10.25
Chr4	5900001	5925000	7.75
Chr4	5925001	5950000	6.25
Chr4	5950001	5975000	13
Chr4	5975001	6000000	8
Chr4	6000001	6025000	7.25
Chr4	6025001	6050000	4.25
Chr4	6050001	6075000	3.5
Chr4	6075001	6100000	4.5
Chr4	6100001	6125000	4.75
Chr4	6125001	6150000	10.25
Chr4	6150001	6175000	11
Chr4	6175001	6200000	6.75
Chr4	6200001	6225000	10
Chr4	6225001	6250000	7.25
Chr4	6250001	6275000	14.25
Chr4	6275001	6300000	7.5
Chr4	6300001	6325000	10.25
Chr4	6325001	6350000	14.25
Chr4	6350001	6375000	11.75
Chr4	6375001	6400000	11.75
Chr4	6400001	6425000	23.75
Chr4	6425001	6450000	19.25
Chr4	6450001	6475000	12.5
Chr4	6475001	6500000	26.25
Chr4	6500001	6525000	14
Chr4	6525001	6550000	29.75
Chr4	6550001	6575000	12.75
Chr4	6575001	6600000	32.25
Chr4	6600001	6625000	61.25
Chr4	6625001	6650000	34.75
Chr4	6650001	6675000	22.25
Chr4	6675001	6700000	23.5
Chr4	6700001	6725000	41
Chr4	6725001	6750000	35.5
Chr4	6750001	6775000	53.25
Chr4	6775001	6800000	46.75
Chr4	6800001	6825000	39.25
Chr4	6825001	6850000	37
Chr4	6850001	6875000	32
Chr4	6875001	6900000	52.5
Chr4	6900001	6925000	35.75
Chr4	6925001	6950000	16.5
Chr4	6950001	6975000	55
Chr4	6975001	7000000	25.25
Chr4	7000001	7025000	29.5
Chr4	7025001	7050000	52
Chr4	7050001	7075000	25.25
Chr4	7075001	7100000	10.75
Chr4	7100001	7125000	26.5
Chr4	7125001	7150000	81.75
Chr4	7150001	7175000	39
Chr4	7175001	7200000	53.25
Chr4	7200001	7225000	48
Chr4	7225001	7250000	79.25
Chr4	7250001	7275000	64.75
Chr4	7275001	7300000	82.75
Chr4	7300001	7325000	63.25
Chr4	7325001	7350000	168.25
Chr4	7350001	7375000	102.25
Chr4	7375001	7400000	62.75
Chr4	7400001	7425000	142
Chr4	7425001	7450000	173.5
Chr4	7450001	7475000	238
Chr4	7475001	7500000	290.25
Chr4	7500001	7525000	222
Chr4	7525001	7550000	230.25
Chr4	7550001	7575000	389.5
Chr4	7575001	7600000	284.5
Chr4	7600001	7625000	305.25
Chr4	7625001	7650000	225
Chr4	7650001	7675000	277.5
Chr4	7675001	7700000	205.25
Chr4	7700001	7725000	217.5
Chr4	7725001	7750000	172
Chr4	7750001	7775000	209.25
Chr4	7775001	7800000	82
Chr4	7800001	7825000	100.75
Chr4	7825001	7850000	95.5
Chr4	7850001	7875000	13.5
Chr4	7875001	7900000	112.75
Chr4	7900001	7925000	61
Chr4	7925001	7950000	78.25
Chr4	7950001	7975000	208.5
Chr4	7975001	8000000	291.25
Chr4	8000001	8025000	177.25
Chr4	8025001	8050000	22
Chr4	8050001	8075000	22.5
Chr4	8075001	8100000	22.75
Chr4	8100001	8125000	22.5
Chr4	8125001	8150000	20.75
Chr4	8150001	8175000	33
Chr4	8175001	8200000	23.25
Chr4	8200001	8225000	22.75
Chr4	8225001	8250000	24.75
Chr4	8250001	8275000	29
Chr4	8275001	8300000	21.5
Chr4	8300001	8325000	17
Chr4	8325001	8350000	22.5
Chr4	8350001	8375000	31.5
Chr4	8375001	8400000	23
Chr4	8400001	8425000	20.25
Chr4	8425001	8450000	24.75
Chr4	8450001	8475000	20.25
Chr4	8475001	8500000	27
Chr4	8500001	8525000	23.25
Chr4	8525001	8550000	21.75
Chr4	8550001	8575000	21.25
Chr4	8575001	8600000	29.5
Chr4	8600001	8625000	20.5
Chr4	8625001	8650000	21.5
Chr4	8650001	8675000	25.5
Chr4	8675001	8700000	27.5
Chr4	8700001	8725000	23.75
Chr4	8725001	8750000	28
Chr4	8750001	8775000	22.75
Chr4	8775001	8800000	23.25
Chr4	8800001	8825000	26.75
Chr4	8825001	8850000	22
Chr4	8850001	8875000	23.25
Chr4	8875001	8900000	19.25
Chr4	8900001	8925000	30.75
Chr4	8925001	8950000	22.5
Chr4	8950001	8975000	23
Chr4	8975001	9000000	23.25
Chr4	9000001	9025000	29.25
Chr4	9025001	9050000	24.25
Chr4	9050001	9075000	23.25
Chr4	9075001	9100000	23.75
Chr4	9100001	9125000	28.25
Chr4	9125001	9150000	26.5
Chr4	9150001	9175000	21.75
Chr4	9175001	9200000	22.75
Chr4	9200001	9225000	24.75
Chr4	9225001	9250000	24
Chr4	9250001	9275000	18.75
Chr4	9275001	9300000	21.75
Chr4	9300001	9325000	21.75
Chr4	9325001	9350000	27.25
Chr4	9350001	9375000	23.25
Chr4	9375001	9400000	21.75
Chr4	9400001	9425000	5.5
