Chr1	1	25000	89.1667
Chr1	25001	50000	89.3333
Chr1	50001	75000	138.833
Chr1	75001	100000	134
Chr1	100001	125000	170.667
Chr1	125001	150000	161.333
Chr1	150001	175000	165
Chr1	175001	200000	127.833
Chr1	200001	225000	199
Chr1	225001	250000	158.5
Chr1	250001	275000	324.167
Chr1	275001	300000	221.167
Chr1	300001	325000	237.667
Chr1	325001	350000	514.167
Chr1	350001	375000	198
Chr1	375001	400000	137
Chr1	400001	425000	219.667
Chr1	425001	450000	260.167
Chr1	450001	475000	118.167
Chr1	475001	500000	116
Chr1	500001	525000	209.667
Chr1	525001	550000	372
Chr1	550001	575000	109.5
Chr1	575001	600000	63.1667
Chr1	600001	625000	57.1667
Chr1	625001	650000	80.1667
Chr1	650001	675000	315.5
Chr1	675001	700000	58.1667
Chr1	700001	725000	31.1667
Chr1	725001	750000	102.333
Chr1	750001	775000	53.6667
Chr1	775001	800000	52.6667
Chr1	800001	825000	61.1667
Chr1	825001	850000	23.5
Chr1	850001	875000	16
Chr1	875001	900000	16.5
Chr1	900001	925000	12
Chr1	925001	950000	27.3333
Chr1	950001	975000	28
Chr1	975001	1000000	29.1667
Chr1	1000001	1025000	25.6667
Chr1	1025001	1050000	30
Chr1	1050001	1075000	16.6667
Chr1	1075001	1100000	20.3333
Chr1	1100001	1125000	18.3333
Chr1	1125001	1150000	26.5
Chr1	1150001	1175000	22
Chr1	1175001	1200000	19.8333
Chr1	1200001	1225000	17.1667
Chr1	1225001	1250000	19.3333
Chr1	1250001	1275000	26.6667
Chr1	1275001	1300000	10.5
Chr1	1300001	1325000	10.5
Chr1	1325001	1350000	20.8333
Chr1	1350001	1375000	36.3333
Chr1	1375001	1400000	43.3333
Chr1	1400001	1425000	35.5
Chr1	1425001	1450000	52.6667
Chr1	1450001	1475000	24.5
Chr1	1475001	1500000	9
Chr1	1500001	1525000	11.8333
Chr1	1525001	1550000	15.5
Chr1	1550001	1575000	9.33333
Chr1	1575001	1600000	7.33333
Chr1	1600001	1625000	8.83333
Chr1	1625001	1650000	12
Chr1	1650001	1675000	8
Chr1	1675001	1700000	12.1667
Chr1	1700001	1725000	6.5
Chr1	1725001	1750000	10.5
Chr1	1750001	1775000	7.33333
Chr1	1775001	1800000	12
Chr1	1800001	1825000	7.83333
Chr1	1825001	1850000	16.6667
Chr1	1850001	1875000	12
Chr1	1875001	1900000	11.6667
Chr1	1900001	1925000	13.5
Chr1	1925001	1950000	8.5
Chr1	1950001	1975000	8.5
Chr1	1975001	2000000	12
Chr1	2000001	2025000	8.16667
Chr1	2025001	2050000	13.1667
Chr1	2050001	2075000	18
Chr1	2075001	2100000	8
Chr1	2100001	2125000	16.3333
Chr1	2125001	2150000	21
Chr1	2150001	2175000	16.8333
Chr1	2175001	2200000	18.1667
Chr1	2200001	2225000	19.1667
Chr1	2225001	2250000	16.6667
Chr1	2250001	2275000	12.5
Chr1	2275001	2300000	21.1667
Chr1	2300001	2325000	26.5
Chr1	2325001	2350000	14
Chr1	2350001	2375000	17.5
Chr1	2375001	2400000	19.3333
Chr1	2400001	2425000	26.1667
Chr1	2425001	2450000	17.5
Chr1	2450001	2475000	17.5
Chr1	2475001	2500000	34.5
Chr1	2500001	2525000	26.3333
Chr1	2525001	2550000	28
Chr1	2550001	2575000	26.5
Chr1	2575001	2600000	30.3333
Chr1	2600001	2625000	33.1667
Chr1	2625001	2650000	28.6667
Chr1	2650001	2675000	13.3333
Chr1	2675001	2700000	19
Chr1	2700001	2725000	34.3333
Chr1	2725001	2750000	28.1667
Chr1	2750001	2775000	15
Chr1	2775001	2800000	23.6667
Chr1	2800001	2825000	12.3333
Chr1	2825001	2850000	34.1667
Chr1	2850001	2875000	19.5
Chr1	2875001	2900000	7.83333
Chr1	2900001	2925000	17.1667
Chr1	2925001	2950000	14.3333
Chr1	2950001	2975000	13
Chr1	2975001	3000000	11.5
Chr1	3000001	3025000	10.6667
Chr1	3025001	3050000	24.8333
Chr1	3050001	3075000	14
Chr1	3075001	3100000	17.8333
Chr1	3100001	3125000	26.6667
Chr1	3125001	3150000	70.1667
Chr1	3150001	3175000	22.5
Chr1	3175001	3200000	31.1667
Chr1	3200001	3225000	30
Chr1	3225001	3250000	36.3333
Chr1	3250001	3275000	31.1667
Chr1	3275001	3300000	23
Chr1	3300001	3325000	14.3333
Chr1	3325001	3350000	14.5
Chr1	3350001	3375000	12.3333
Chr1	3375001	3400000	18.3333
Chr1	3400001	3425000	21.8333
Chr1	3425001	3450000	14.1667
Chr1	3450001	3475000	39.8333
Chr1	3475001	3500000	16.8333
Chr1	3500001	3525000	16.8333
Chr1	3525001	3550000	26.8333
Chr1	3550001	3575000	66
Chr1	3575001	3600000	26.8333
Chr1	3600001	3625000	35.8333
Chr1	3625001	3650000	29.6667
Chr1	3650001	3675000	11.8333
Chr1	3675001	3700000	15.6667
Chr1	3700001	3725000	25
Chr1	3725001	3750000	14.3333
Chr1	3750001	3775000	22.3333
Chr1	3775001	3800000	25.1667
Chr1	3800001	3825000	19
Chr1	3825001	3850000	19
Chr1	3850001	3875000	19.8333
Chr1	3875001	3900000	32.6667
Chr1	3900001	3925000	22.1667
Chr1	3925001	3950000	20.3333
Chr1	3950001	3975000	15.3333
Chr1	3975001	4000000	13.3333
Chr1	4000001	4025000	15.8333
Chr1	4025001	4050000	8.16667
Chr1	4050001	4075000	12
Chr1	4075001	4100000	8.33333
Chr1	4100001	4125000	15.5
Chr1	4125001	4150000	16.3333
Chr1	4150001	4175000	9.16667
Chr1	4175001	4200000	6
Chr1	4200001	4225000	8.16667
Chr1	4225001	4250000	6
Chr1	4250001	4275000	14.3333
Chr1	4275001	4300000	11.5
Chr1	4300001	4325000	12
Chr1	4325001	4350000	7.66667
Chr1	4350001	4375000	9.66667
Chr1	4375001	4400000	12
Chr1	4400001	4425000	4.5
Chr1	4425001	4450000	9.16667
Chr1	4450001	4475000	9.83333
Chr1	4475001	4500000	8
Chr1	4500001	4525000	5.83333
Chr1	4525001	4550000	7.66667
Chr1	4550001	4575000	11
Chr1	4575001	4600000	7.66667
Chr1	4600001	4625000	10.6667
Chr1	4625001	4650000	6.83333
Chr1	4650001	4675000	7.33333
Chr1	4675001	4700000	11
Chr1	4700001	4725000	11.3333
Chr1	4725001	4750000	14.8333
Chr1	4750001	4775000	22.5
Chr1	4775001	4800000	19.1667
Chr1	4800001	4825000	28.1667
Chr1	4825001	4850000	9.5
Chr1	4850001	4875000	10.3333
Chr1	4875001	4900000	12.6667
Chr1	4900001	4925000	10.1667
Chr1	4925001	4950000	9.33333
Chr1	4950001	4975000	10.6667
Chr1	4975001	5000000	13.5
Chr1	5000001	5025000	35.8333
Chr1	5025001	5050000	14.1667
Chr1	5050001	5075000	14
Chr1	5075001	5100000	15.1667
Chr1	5100001	5125000	12.3333
Chr1	5125001	5150000	13.5
Chr1	5150001	5175000	20.5
Chr1	5175001	5200000	13.8333
Chr1	5200001	5225000	21.6667
Chr1	5225001	5250000	17
Chr1	5250001	5275000	21.1667
Chr1	5275001	5300000	18.5
Chr1	5300001	5325000	32
Chr1	5325001	5350000	26.6667
Chr1	5350001	5375000	34.1667
Chr1	5375001	5400000	61.1667
Chr1	5400001	5425000	18.8333
Chr1	5425001	5450000	25.8333
Chr1	5450001	5475000	19.6667
Chr1	5475001	5500000	51.6667
Chr1	5500001	5525000	59.1667
Chr1	5525001	5550000	77
Chr1	5550001	5575000	195.333
Chr1	5575001	5600000	129.833
Chr1	5600001	5625000	63.6667
Chr1	5625001	5650000	76.6667
Chr1	5650001	5675000	105.5
Chr1	5675001	5700000	153.5
Chr1	5700001	5725000	151.333
Chr1	5725001	5750000	257.5
Chr1	5750001	5775000	300.667
Chr1	5775001	5800000	164.833
Chr1	5800001	5825000	183
Chr1	5825001	5850000	141.5
Chr1	5850001	5875000	138.667
Chr1	5875001	5900000	137.5
Chr1	5900001	5925000	212
Chr1	5925001	5950000	114.667
Chr1	5950001	5975000	99.5
Chr1	5975001	6000000	105.333
Chr1	6000001	6025000	71.5
Chr1	6025001	6050000	71.6667
Chr1	6050001	6075000	33.6667
Chr1	6075001	6100000	26.6667
Chr1	6100001	6125000	43.8333
Chr1	6125001	6150000	50.6667
Chr1	6150001	6175000	45.1667
Chr1	6175001	6200000	32.6667
Chr1	6200001	6225000	15.6667
Chr1	6225001	6250000	14.6667
Chr1	6250001	6275000	30.5
Chr1	6275001	6300000	28.5
Chr1	6300001	6325000	30.1667
Chr1	6325001	6350000	24.8333
Chr1	6350001	6375000	29.8333
Chr1	6375001	6400000	33
Chr1	6400001	6425000	34.5
Chr1	6425001	6450000	15.5
Chr1	6450001	6475000	15
Chr1	6475001	6500000	6.33333
Chr1	6500001	6525000	6.16667
Chr1	6525001	6550000	41.5
Chr1	6550001	6575000	20
Chr1	6575001	6600000	25.6667
Chr1	6600001	6625000	38.8333
Chr1	6625001	6650000	59.6667
Chr1	6650001	6675000	79.3333
Chr1	6675001	6700000	46
Chr1	6700001	6725000	21.6667
Chr1	6725001	6750000	29.5
Chr1	6750001	6775000	22.6667
Chr1	6775001	6800000	33.3333
Chr1	6800001	6825000	29.6667
Chr1	6825001	6850000	44.6667
Chr1	6850001	6875000	30
Chr1	6875001	6900000	24.6667
Chr1	6900001	6925000	52.5
Chr1	6925001	6950000	96.8333
Chr1	6950001	6975000	96.6667
Chr1	6975001	7000000	81.3333
Chr1	7000001	7025000	105.167
Chr1	7025001	7050000	99
Chr1	7050001	7075000	79.1667
Chr1	7075001	7100000	184
Chr1	7100001	7125000	138
Chr1	7125001	7150000	81.3333
Chr1	7150001	7175000	182
Chr1	7175001	7200000	134
Chr1	7200001	7225000	177.167
Chr1	7225001	7250000	92
Chr1	7250001	7275000	83.3333
Chr1	7275001	7300000	201.333
Chr1	7300001	7325000	167.333
Chr1	7325001	7350000	106.667
Chr1	7350001	7375000	195.333
Chr1	7375001	7400000	284
Chr1	7400001	7425000	129.667
Chr1	7425001	7450000	151.667
Chr1	7450001	7475000	110
Chr1	7475001	7500000	133.667
Chr1	7500001	7525000	152.5
Chr1	7525001	7550000	101.833
Chr1	7550001	7575000	205.667
Chr1	7575001	7600000	458.5
Chr1	7600001	7625000	208.5
Chr1	7625001	7650000	286.833
Chr1	7650001	7675000	86
Chr1	7675001	7700000	121.333
Chr1	7700001	7725000	120
Chr1	7725001	7750000	36.1667
Chr1	7750001	7775000	65.6667
Chr1	7775001	7800000	178.333
Chr1	7800001	7825000	49.6667
Chr1	7825001	7850000	66.5
Chr1	7850001	7875000	40.1667
Chr1	7875001	7900000	45
Chr1	7900001	7925000	23.8333
Chr1	7925001	7950000	9.33333
Chr1	7950001	7975000	18.3333
Chr1	7975001	8000000	5.5
Chr1	8000001	8025000	12.8333
Chr1	8025001	8050000	10.1667
Chr1	8050001	8075000	5.66667
Chr1	8075001	8100000	16.5
Chr1	8100001	8125000	8.5
Chr1	8125001	8150000	10.6667
Chr1	8150001	8175000	14.1667
Chr1	8175001	8200000	8.16667
Chr1	8200001	8225000	17.3333
Chr1	8225001	8250000	11
Chr1	8250001	8275000	14.6667
Chr1	8275001	8300000	8.16667
Chr1	8300001	8325000	15.6667
Chr1	8325001	8350000	19.6667
Chr1	8350001	8375000	14.5
Chr1	8375001	8400000	26.1667
Chr1	8400001	8425000	52.3333
Chr1	8425001	8450000	33.8333
Chr1	8450001	8475000	17.3333
Chr1	8475001	8500000	18.8333
Chr1	8500001	8525000	31.6667
Chr1	8525001	8550000	29.6667
Chr1	8550001	8575000	10.6667
Chr1	8575001	8600000	16.1667
Chr1	8600001	8625000	25
Chr1	8625001	8650000	23.8333
Chr1	8650001	8675000	22.1667
Chr1	8675001	8700000	35.6667
Chr1	8700001	8725000	20.8333
Chr1	8725001	8750000	25.6667
Chr1	8750001	8775000	20.5
Chr1	8775001	8800000	8.66667
Chr1	8800001	8825000	18.6667
Chr1	8825001	8850000	15
Chr1	8850001	8875000	10.1667
Chr1	8875001	8900000	13.3333
Chr1	8900001	8925000	11.5
Chr1	8925001	8950000	7.66667
Chr1	8950001	8975000	89.1667
Chr1	8975001	9000000	161.5
Chr1	9000001	9025000	159
Chr1	9025001	9050000	6.33333
Chr1	9050001	9075000	9.5
Chr1	9075001	9100000	15.5
Chr1	9100001	9125000	13
Chr1	9125001	9150000	5.16667
Chr1	9150001	9175000	5.33333
Chr1	9175001	9200000	10.1667
Chr1	9200001	9225000	7
Chr1	9225001	9250000	7.5
Chr1	9250001	9275000	4.66667
Chr1	9275001	9300000	4.83333
Chr1	9300001	9325000	4.16667
Chr1	9325001	9350000	5.66667
Chr1	9350001	9375000	4.5
Chr1	9375001	9400000	7.5
Chr1	9400001	9425000	5.66667
Chr1	9425001	9450000	2.83333
Chr1	9450001	9475000	4.66667
Chr1	9475001	9500000	6.16667
Chr1	9500001	9525000	7.16667
Chr1	9525001	9550000	5.33333
Chr1	9550001	9575000	7
Chr1	9575001	9600000	10.1667
Chr1	9600001	9625000	7.66667
Chr1	9625001	9650000	10.8333
Chr1	9650001	9675000	4.83333
Chr1	9675001	9700000	5.16667
Chr1	9700001	9725000	7.66667
Chr1	9725001	9750000	7.83333
Chr1	9750001	9775000	9.66667
Chr1	9775001	9800000	15.5
Chr1	9800001	9825000	9
Chr1	9825001	9850000	10
Chr1	9850001	9875000	16.6667
Chr1	9875001	9900000	11.8333
Chr1	9900001	9925000	11.5
Chr1	9925001	9950000	11.1667
Chr1	9950001	9975000	23.8333
Chr1	9975001	10000000	20.8333
Chr1	10000001	10025000	17.8333
Chr1	10025001	10050000	16.6667
Chr1	10050001	10075000	23
Chr1	10075001	10100000	52.8333
Chr1	10100001	10125000	29.3333
Chr1	10125001	10150000	9.5
Chr1	10150001	10175000	13.8333
Chr1	10175001	10200000	15.5
Chr1	10200001	10225000	12.8333
Chr1	10225001	10250000	7.83333
Chr1	10250001	10275000	6.16667
Chr1	10275001	10300000	14.1667
Chr1	10300001	10325000	14.8333
Chr1	10325001	10350000	19
Chr1	10350001	10375000	13.5
Chr1	10375001	10400000	16.1667
Chr1	10400001	10425000	19.1667
Chr1	10425001	10450000	8.66667
Chr1	10450001	10475000	10.8333
Chr1	10475001	10500000	25.8333
Chr1	10500001	10525000	28
Chr1	10525001	10550000	15.3333
Chr1	10550001	10575000	46.8333
Chr1	10575001	10600000	40
Chr1	10600001	10625000	21
Chr1	10625001	10650000	15.3333
Chr1	10650001	10675000	22.6667
Chr1	10675001	10700000	40.6667
Chr1	10700001	10725000	22.6667
Chr1	10725001	10750000	21.5
Chr1	10750001	10775000	69.3333
Chr1	10775001	10800000	78.6667
Chr1	10800001	10825000	105.333
Chr1	10825001	10850000	39.1667
Chr1	10850001	10875000	50.5
Chr1	10875001	10900000	100.833
Chr1	10900001	10925000	141
Chr1	10925001	10950000	53
Chr1	10950001	10975000	89.8333
Chr1	10975001	11000000	126.333
Chr1	11000001	11025000	94.8333
Chr1	11025001	11050000	148.167
Chr1	11050001	11075000	149.5
Chr1	11075001	11100000	340.667
Chr1	11100001	11125000	65.5
Chr1	11125001	11150000	67.3333
Chr1	11150001	11175000	49.1667
Chr1	11175001	11200000	76.5
Chr1	11200001	11225000	144.167
Chr1	11225001	11250000	112.333
Chr1	11250001	11275000	102.5
Chr1	11275001	11300000	140.167
Chr1	11300001	11325000	176.167
Chr1	11325001	11350000	105.5
Chr1	11350001	11375000	229.5
Chr1	11375001	11400000	245
Chr1	11400001	11425000	182.667
Chr1	11425001	11450000	499.167
Chr1	11450001	11475000	48.3333
Chr1	11475001	11500000	196.5
Chr1	11500001	11525000	239.5
Chr1	11525001	11550000	355.167
Chr1	11550001	11575000	185.5
Chr1	11575001	11600000	239.833
Chr1	11600001	11625000	292.833
Chr1	11625001	11650000	227
Chr1	11650001	11675000	110.333
Chr1	11675001	11700000	83.6667
Chr1	11700001	11725000	66.3333
Chr1	11725001	11750000	42.8333
Chr1	11750001	11775000	106.5
Chr2	1	25000	213
Chr2	25001	50000	121.833
Chr2	50001	75000	88.3333
Chr2	75001	100000	91
Chr2	100001	125000	68.3333
Chr2	125001	150000	161.167
Chr2	150001	175000	146
Chr2	175001	200000	251.667
Chr2	200001	225000	222.5
Chr2	225001	250000	178.5
Chr2	250001	275000	66.8333
Chr2	275001	300000	171.667
Chr2	300001	325000	57.3333
Chr2	325001	350000	122.667
Chr2	350001	375000	185.167
Chr2	375001	400000	135.167
Chr2	400001	425000	46.3333
Chr2	425001	450000	147.833
Chr2	450001	475000	170.333
Chr2	475001	500000	119.5
Chr2	500001	525000	274.167
Chr2	525001	550000	365.667
Chr2	550001	575000	164.833
Chr2	575001	600000	181.833
Chr2	600001	625000	139.833
Chr2	625001	650000	222.333
Chr2	650001	675000	196.667
Chr2	675001	700000	87.8333
Chr2	700001	725000	119.333
Chr2	725001	750000	192.833
Chr2	750001	775000	78.5
Chr2	775001	800000	118.333
Chr2	800001	825000	214.167
Chr2	825001	850000	193
Chr2	850001	875000	87.5
Chr2	875001	900000	62.6667
Chr2	900001	925000	62.8333
Chr2	925001	950000	61.8333
Chr2	950001	975000	16.6667
Chr2	975001	1000000	15.1667
Chr2	1000001	1025000	20.6667
Chr2	1025001	1050000	45.5
Chr2	1050001	1075000	47.8333
Chr2	1075001	1100000	49.1667
Chr2	1100001	1125000	56.5
Chr2	1125001	1150000	21.3333
Chr2	1150001	1175000	46.8333
Chr2	1175001	1200000	27.5
Chr2	1200001	1225000	16.1667
Chr2	1225001	1250000	13.5
Chr2	1250001	1275000	12.5
Chr2	1275001	1300000	13.5
Chr2	1300001	1325000	10
Chr2	1325001	1350000	7.33333
Chr2	1350001	1375000	14.8333
Chr2	1375001	1400000	19.6667
Chr2	1400001	1425000	17.1667
Chr2	1425001	1450000	19.3333
Chr2	1450001	1475000	18.8333
Chr2	1475001	1500000	21.8333
Chr2	1500001	1525000	17
Chr2	1525001	1550000	16.3333
Chr2	1550001	1575000	14.1667
Chr2	1575001	1600000	9
Chr2	1600001	1625000	15.3333
Chr2	1625001	1650000	22
Chr2	1650001	1675000	17.3333
Chr2	1675001	1700000	12.1667
Chr2	1700001	1725000	12.8333
Chr2	1725001	1750000	13.5
Chr2	1750001	1775000	11.1667
Chr2	1775001	1800000	11.3333
Chr2	1800001	1825000	14.3333
Chr2	1825001	1850000	15.8333
Chr2	1850001	1875000	9.5
Chr2	1875001	1900000	15.6667
Chr2	1900001	1925000	19.1667
Chr2	1925001	1950000	18.5
Chr2	1950001	1975000	13
Chr2	1975001	2000000	15.8333
Chr2	2000001	2025000	20
Chr2	2025001	2050000	11.5
Chr2	2050001	2075000	15.1667
Chr2	2075001	2100000	9.66667
Chr2	2100001	2125000	14
Chr2	2125001	2150000	26.5
Chr2	2150001	2175000	8.33333
Chr2	2175001	2200000	7.66667
Chr2	2200001	2225000	14
Chr2	2225001	2250000	16.1667
Chr2	2250001	2275000	12
Chr2	2275001	2300000	16.1667
Chr2	2300001	2325000	29.8333
Chr2	2325001	2350000	11.6667
Chr2	2350001	2375000	13.1667
Chr2	2375001	2400000	17.8333
Chr2	2400001	2425000	15.5
Chr2	2425001	2450000	23.5
Chr2	2450001	2475000	19.6667
Chr2	2475001	2500000	14.5
Chr2	2500001	2525000	23.3333
Chr2	2525001	2550000	35.3333
Chr2	2550001	2575000	31
Chr2	2575001	2600000	35.5
Chr2	2600001	2625000	30
Chr2	2625001	2650000	41
Chr2	2650001	2675000	36.6667
Chr2	2675001	2700000	16.1667
Chr2	2700001	2725000	29.1667
Chr2	2725001	2750000	38.3333
Chr2	2750001	2775000	25
Chr2	2775001	2800000	40.3333
Chr2	2800001	2825000	70.5
Chr2	2825001	2850000	99.3333
Chr2	2850001	2875000	114.167
Chr2	2875001	2900000	95.3333
Chr2	2900001	2925000	136.833
Chr2	2925001	2950000	45.5
Chr2	2950001	2975000	27.3333
Chr2	2975001	3000000	19.1667
Chr2	3000001	3025000	35.8333
Chr2	3025001	3050000	15.6667
Chr2	3050001	3075000	27.6667
Chr2	3075001	3100000	32.6667
Chr2	3100001	3125000	18.6667
Chr2	3125001	3150000	17
Chr2	3150001	3175000	23.5
Chr2	3175001	3200000	33
Chr2	3200001	3225000	25.8333
Chr2	3225001	3250000	26.6667
Chr2	3250001	3275000	64.6667
Chr2	3275001	3300000	345.667
Chr2	3300001	3325000	225.833
Chr2	3325001	3350000	82.6667
Chr2	3350001	3375000	30.1667
Chr2	3375001	3400000	26
Chr2	3400001	3425000	25.3333
Chr2	3425001	3450000	30.6667
Chr2	3450001	3475000	39.3333
Chr2	3475001	3500000	55
Chr2	3500001	3525000	77.1667
Chr2	3525001	3550000	77.3333
Chr2	3550001	3575000	123.667
Chr2	3575001	3600000	84.8333
Chr2	3600001	3625000	37
Chr2	3625001	3650000	24.5
Chr2	3650001	3675000	54.1667
Chr2	3675001	3700000	154
Chr2	3700001	3725000	83.3333
Chr2	3725001	3750000	141.5
Chr2	3750001	3775000	101.333
Chr2	3775001	3800000	116.833
Chr2	3800001	3825000	159.333
Chr2	3825001	3850000	139.333
Chr2	3850001	3875000	145.5
Chr2	3875001	3900000	114.5
Chr2	3900001	3925000	123.167
Chr2	3925001	3950000	146.333
Chr2	3950001	3975000	167.333
Chr2	3975001	4000000	126.167
Chr2	4000001	4025000	125
Chr2	4025001	4050000	159.5
Chr2	4050001	4075000	181.167
Chr2	4075001	4100000	127.333
Chr2	4100001	4125000	192.833
Chr2	4125001	4150000	263
Chr2	4150001	4175000	268.333
Chr2	4175001	4200000	177.333
Chr2	4200001	4225000	178.333
Chr2	4225001	4250000	245.667
Chr2	4250001	4275000	107
Chr2	4275001	4300000	67
Chr2	4300001	4325000	132
Chr2	4325001	4350000	126.167
Chr2	4350001	4375000	42.1667
Chr2	4375001	4400000	124.667
Chr2	4400001	4425000	122
Chr2	4425001	4450000	59.1667
Chr2	4450001	4475000	125.167
Chr2	4475001	4500000	179.167
Chr2	4500001	4525000	98.8333
Chr2	4525001	4550000	126
Chr2	4550001	4575000	90.3333
Chr2	4575001	4600000	133.833
Chr2	4600001	4625000	111.333
Chr2	4625001	4650000	180.833
Chr2	4650001	4675000	77.3333
Chr2	4675001	4700000	148.667
Chr2	4700001	4725000	178.167
Chr2	4725001	4750000	123.667
Chr2	4750001	4775000	141.833
Chr2	4775001	4800000	101.667
Chr2	4800001	4825000	113
Chr2	4825001	4850000	102
Chr2	4850001	4875000	145.167
Chr2	4875001	4900000	55.8333
Chr2	4900001	4925000	106.833
Chr2	4925001	4950000	101.5
Chr2	4950001	4975000	139.167
Chr2	4975001	5000000	162.5
Chr2	5000001	5025000	61.5
Chr2	5025001	5050000	92.6667
Chr2	5050001	5075000	57.3333
Chr2	5075001	5100000	60.5
Chr2	5100001	5125000	123.5
Chr2	5125001	5150000	99.1667
Chr2	5150001	5175000	75.5
Chr2	5175001	5200000	91.1667
Chr2	5200001	5225000	109.667
Chr2	5225001	5250000	135.5
Chr2	5250001	5275000	123.5
Chr2	5275001	5300000	122
Chr2	5300001	5325000	52
Chr2	5325001	5350000	80
Chr2	5350001	5375000	80
Chr2	5375001	5400000	142.667
Chr2	5400001	5425000	154.5
Chr2	5425001	5450000	44.3333
Chr2	5450001	5475000	39.3333
Chr2	5475001	5500000	50.8333
Chr2	5500001	5525000	63.8333
Chr2	5525001	5550000	78.1667
Chr2	5550001	5575000	96.3333
Chr2	5575001	5600000	119.333
Chr2	5600001	5625000	61.1667
Chr2	5625001	5650000	60.6667
Chr2	5650001	5675000	80.8333
Chr2	5675001	5700000	78.3333
Chr2	5700001	5725000	100.333
Chr2	5725001	5750000	120.667
Chr2	5750001	5775000	95.6667
Chr2	5775001	5800000	116.333
Chr2	5800001	5825000	100.333
Chr2	5825001	5850000	82.3333
Chr2	5850001	5875000	84.5
Chr2	5875001	5900000	90.5
Chr2	5900001	5925000	61.5
Chr2	5925001	5950000	98
Chr2	5950001	5975000	136.167
Chr2	5975001	6000000	79.1667
Chr2	6000001	6025000	129.833
Chr2	6025001	6050000	117.333
Chr2	6050001	6075000	114.667
Chr2	6075001	6100000	125
Chr2	6100001	6125000	234.5
Chr2	6125001	6150000	185
Chr2	6150001	6175000	128.333
Chr2	6175001	6200000	137.333
Chr2	6200001	6225000	78
Chr2	6225001	6250000	87.8333
Chr2	6250001	6275000	254.667
Chr2	6275001	6300000	143.833
Chr2	6300001	6325000	198.167
Chr2	6325001	6350000	187.333
Chr2	6350001	6375000	77.8333
Chr2	6375001	6400000	69.6667
Chr2	6400001	6425000	96
Chr2	6425001	6450000	87.8333
Chr2	6450001	6475000	178.833
Chr2	6475001	6500000	80.8333
Chr2	6500001	6525000	84.3333
Chr2	6525001	6550000	80.1667
Chr2	6550001	6575000	67.5
Chr2	6575001	6600000	66.5
Chr2	6600001	6625000	41.3333
Chr2	6625001	6650000	102.333
Chr2	6650001	6675000	91.5
Chr2	6675001	6700000	48.8333
Chr2	6700001	6725000	22.5
Chr2	6725001	6750000	20.3333
Chr2	6750001	6775000	36.5
Chr2	6775001	6800000	26.8333
Chr2	6800001	6825000	81.1667
Chr2	6825001	6850000	40.5
Chr2	6850001	6875000	37
Chr2	6875001	6900000	24.1667
Chr2	6900001	6925000	24.8333
Chr2	6925001	6950000	15.1667
Chr2	6950001	6975000	19.3333
Chr2	6975001	7000000	9.16667
Chr2	7000001	7025000	19.1667
Chr2	7025001	7050000	13.6667
Chr2	7050001	7075000	14.3333
Chr2	7075001	7100000	25.5
Chr2	7100001	7125000	14.6667
Chr2	7125001	7150000	14.5
Chr2	7150001	7175000	10.5
Chr2	7175001	7200000	13.8333
Chr2	7200001	7225000	18.6667
Chr2	7225001	7250000	4.16667
Chr2	7250001	7275000	7
Chr2	7275001	7300000	3.66667
Chr2	7300001	7325000	7.66667
Chr2	7325001	7350000	14.1667
Chr2	7350001	7375000	4.33333
Chr2	7375001	7400000	8.33333
Chr2	7400001	7425000	15
Chr2	7425001	7450000	8.33333
Chr2	7450001	7475000	11.1667
Chr2	7475001	7500000	5.5
Chr2	7500001	7525000	15.3333
Chr2	7525001	7550000	11.5
Chr2	7550001	7575000	12.5
Chr2	7575001	7600000	6.33333
Chr2	7600001	7625000	55.8333
Chr2	7625001	7650000	10.8333
Chr2	7650001	7675000	10
Chr2	7675001	7700000	18.5
Chr2	7700001	7725000	17.3333
Chr2	7725001	7750000	9.16667
Chr2	7750001	7775000	9
Chr2	7775001	7800000	14.8333
Chr2	7800001	7825000	39.5
Chr2	7825001	7850000	134.167
Chr2	7850001	7875000	106
Chr2	7875001	7900000	19.8333
Chr2	7900001	7925000	22.1667
Chr2	7925001	7950000	12.3333
Chr2	7950001	7975000	11.8333
Chr2	7975001	8000000	12.5
Chr2	8000001	8025000	40.6667
Chr2	8025001	8050000	43.1667
Chr2	8050001	8075000	39
Chr2	8075001	8100000	47.6667
Chr2	8100001	8125000	56
Chr2	8125001	8150000	109.167
Chr2	8150001	8175000	35.3333
Chr2	8175001	8200000	32.1667
Chr2	8200001	8225000	249
Chr2	8225001	8250000	182.167
Chr2	8250001	8275000	184.833
Chr2	8275001	8300000	411.5
Chr2	8300001	8325000	409.5
Chr2	8325001	8350000	243
Chr2	8350001	8375000	269.167
Chr2	8375001	8400000	213.833
Chr2	8400001	8425000	199
Chr2	8425001	8450000	156.833
Chr2	8450001	8475000	128.167
Chr2	8475001	8500000	108.667
Chr2	8500001	8525000	143.667
Chr2	8525001	8550000	211.333
Chr2	8550001	8575000	377.833
Chr2	8575001	8600000	298.333
Chr2	8600001	8625000	317.333
Chr2	8625001	8650000	206.333
Chr2	8650001	8675000	262.5
Chr2	8675001	8700000	240.167
Chr2	8700001	8725000	253.333
Chr2	8725001	8750000	154
Chr2	8750001	8775000	80.8333
Chr2	8775001	8800000	149.667
Chr2	8800001	8825000	181.667
Chr2	8825001	8850000	167.5
Chr2	8850001	8875000	132
Chr2	8875001	8900000	112.5
Chr2	8900001	8925000	163.5
Chr2	8925001	8950000	70.1667
Chr2	8950001	8975000	51
Chr2	8975001	9000000	59.5
Chr3	1	25000	92
Chr3	25001	50000	80.6667
Chr3	50001	75000	117.5
Chr3	75001	100000	225.833
Chr3	100001	125000	143.5
Chr3	125001	150000	15.6667
Chr3	150001	175000	100.667
Chr3	175001	200000	110.333
Chr3	200001	225000	271
Chr3	225001	250000	198.5
Chr3	250001	275000	57.6667
Chr3	275001	300000	79.8333
Chr3	300001	325000	158.667
Chr3	325001	350000	94.1667
Chr3	350001	375000	65.3333
Chr3	375001	400000	37.1667
Chr3	400001	425000	108.167
Chr3	425001	450000	103.833
Chr3	450001	475000	95
Chr3	475001	500000	225.167
Chr3	500001	525000	258.667
Chr3	525001	550000	58.3333
Chr3	550001	575000	28.3333
Chr3	575001	600000	23.5
Chr3	600001	625000	29.3333
Chr3	625001	650000	29.6667
Chr3	650001	675000	53.3333
Chr3	675001	700000	25.5
Chr3	700001	725000	8
Chr3	725001	750000	21.5
Chr3	750001	775000	24.5
Chr3	775001	800000	19
Chr3	800001	825000	18.8333
Chr3	825001	850000	14.3333
Chr3	850001	875000	17
Chr3	875001	900000	20.6667
Chr3	900001	925000	17.8333
Chr3	925001	950000	18.6667
Chr3	950001	975000	16
Chr3	975001	1000000	18.3333
Chr3	1000001	1025000	19
Chr3	1025001	1050000	13.3333
Chr3	1050001	1075000	12.1667
Chr3	1075001	1100000	18
Chr3	1100001	1125000	14
Chr3	1125001	1150000	10
Chr3	1150001	1175000	13
Chr3	1175001	1200000	11.6667
Chr3	1200001	1225000	14.3333
Chr3	1225001	1250000	11.5
Chr3	1250001	1275000	14.1667
Chr3	1275001	1300000	11.1667
Chr3	1300001	1325000	9.16667
Chr3	1325001	1350000	14.5
Chr3	1350001	1375000	8.5
Chr3	1375001	1400000	21.8333
Chr3	1400001	1425000	11.8333
Chr3	1425001	1450000	19
Chr3	1450001	1475000	13.8333
Chr3	1475001	1500000	12.6667
Chr3	1500001	1525000	20.8333
Chr3	1525001	1550000	28.5
Chr3	1550001	1575000	16.1667
Chr3	1575001	1600000	23.5
Chr3	1600001	1625000	16.3333
Chr3	1625001	1650000	11.8333
Chr3	1650001	1675000	14.5
Chr3	1675001	1700000	39
Chr3	1700001	1725000	6.83333
Chr3	1725001	1750000	7.33333
Chr3	1750001	1775000	10.1667
Chr3	1775001	1800000	11.8333
Chr3	1800001	1825000	13.6667
Chr3	1825001	1850000	7
Chr3	1850001	1875000	6.5
Chr3	1875001	1900000	9.16667
Chr3	1900001	1925000	5.66667
Chr3	1925001	1950000	16.5
Chr3	1950001	1975000	12.3333
Chr3	1975001	2000000	7.66667
Chr3	2000001	2025000	15.6667
Chr3	2025001	2050000	10
Chr3	2050001	2075000	10.5
Chr3	2075001	2100000	8.66667
Chr3	2100001	2125000	13.6667
Chr3	2125001	2150000	16.5
Chr3	2150001	2175000	17.3333
Chr3	2175001	2200000	14.1667
Chr3	2200001	2225000	10.6667
Chr3	2225001	2250000	14.1667
Chr3	2250001	2275000	9
Chr3	2275001	2300000	10.1667
Chr3	2300001	2325000	9
Chr3	2325001	2350000	6.66667
Chr3	2350001	2375000	12.8333
Chr3	2375001	2400000	15.5
Chr3	2400001	2425000	15.8333
Chr3	2425001	2450000	13
Chr3	2450001	2475000	22
Chr3	2475001	2500000	9.83333
Chr3	2500001	2525000	14.3333
Chr3	2525001	2550000	13.6667
Chr3	2550001	2575000	16
Chr3	2575001	2600000	10
Chr3	2600001	2625000	6.33333
Chr3	2625001	2650000	6.83333
Chr3	2650001	2675000	8.66667
Chr3	2675001	2700000	7.5
Chr3	2700001	2725000	10.3333
Chr3	2725001	2750000	12.6667
Chr3	2750001	2775000	12.1667
Chr3	2775001	2800000	12.1667
Chr3	2800001	2825000	23.6667
Chr3	2825001	2850000	19.8333
Chr3	2850001	2875000	13.8333
Chr3	2875001	2900000	12.5
Chr3	2900001	2925000	9.83333
Chr3	2925001	2950000	12.6667
Chr3	2950001	2975000	21.5
Chr3	2975001	3000000	11.5
Chr3	3000001	3025000	14.3333
Chr3	3025001	3050000	21
Chr3	3050001	3075000	10.8333
Chr3	3075001	3100000	22
Chr3	3100001	3125000	25.8333
Chr3	3125001	3150000	27.1667
Chr3	3150001	3175000	64
Chr3	3175001	3200000	32.6667
Chr3	3200001	3225000	22.1667
Chr3	3225001	3250000	10.5
Chr3	3250001	3275000	20.6667
Chr3	3275001	3300000	45.8333
Chr3	3300001	3325000	59.1667
Chr3	3325001	3350000	21
Chr3	3350001	3375000	15.8333
Chr3	3375001	3400000	54.3333
Chr3	3400001	3425000	50
Chr3	3425001	3450000	71.6667
Chr3	3450001	3475000	52.8333
Chr3	3475001	3500000	56.8333
Chr3	3500001	3525000	48.3333
Chr3	3525001	3550000	38
Chr3	3550001	3575000	37
Chr3	3575001	3600000	12.1667
Chr3	3600001	3625000	24.1667
Chr3	3625001	3650000	58.5
Chr3	3650001	3675000	23.5
Chr3	3675001	3700000	6.66667
Chr3	3700001	3725000	15
Chr3	3725001	3750000	23.5
Chr3	3750001	3775000	11.5
Chr3	3775001	3800000	11.6667
Chr3	3800001	3825000	12.5
Chr3	3825001	3850000	12
Chr3	3850001	3875000	3.66667
Chr3	3875001	3900000	8.5
Chr3	3900001	3925000	9
Chr3	3925001	3950000	5.66667
Chr3	3950001	3975000	4.33333
Chr3	3975001	4000000	3.66667
Chr3	4000001	4025000	4.33333
Chr3	4025001	4050000	3.66667
Chr3	4050001	4075000	8.83333
Chr3	4075001	4100000	4.66667
Chr3	4100001	4125000	4
Chr3	4125001	4150000	8.33333
Chr3	4150001	4175000	4.66667
Chr3	4175001	4200000	6.83333
Chr3	4200001	4225000	8.33333
Chr3	4225001	4250000	8.83333
Chr3	4250001	4275000	21.5
Chr3	4275001	4300000	6.33333
Chr3	4300001	4325000	7.83333
Chr3	4325001	4350000	5.16667
Chr3	4350001	4375000	2.5
Chr3	4375001	4400000	3.83333
Chr3	4400001	4425000	1.66667
Chr3	4425001	4450000	6.66667
Chr3	4450001	4475000	4.16667
Chr3	4475001	4500000	2.83333
Chr3	4500001	4525000	6.16667
Chr3	4525001	4550000	3.16667
Chr3	4550001	4575000	2
Chr3	4575001	4600000	3.16667
Chr3	4600001	4625000	5.33333
Chr3	4625001	4650000	5.83333
Chr3	4650001	4675000	6.66667
Chr3	4675001	4700000	11.6667
Chr3	4700001	4725000	11.5
Chr3	4725001	4750000	16
Chr3	4750001	4775000	11.6667
Chr3	4775001	4800000	6.66667
Chr3	4800001	4825000	9.83333
Chr3	4825001	4850000	5.5
Chr3	4850001	4875000	5.66667
Chr3	4875001	4900000	6.5
Chr3	4900001	4925000	12.3333
Chr3	4925001	4950000	22
Chr3	4950001	4975000	21.8333
Chr3	4975001	5000000	20
Chr3	5000001	5025000	12.5
Chr3	5025001	5050000	5.33333
Chr3	5050001	5075000	8.66667
Chr3	5075001	5100000	8
Chr3	5100001	5125000	5.5
Chr3	5125001	5150000	7.66667
Chr3	5150001	5175000	9.66667
Chr3	5175001	5200000	15
Chr3	5200001	5225000	11
Chr3	5225001	5250000	5.33333
Chr3	5250001	5275000	12.5
Chr3	5275001	5300000	9.5
Chr3	5300001	5325000	7
Chr3	5325001	5350000	6.5
Chr3	5350001	5375000	143.167
Chr3	5375001	5400000	112.5
Chr3	5400001	5425000	13.5
Chr3	5425001	5450000	4.66667
Chr3	5450001	5475000	5.5
Chr3	5475001	5500000	6.33333
Chr3	5500001	5525000	6
Chr3	5525001	5550000	7.66667
Chr3	5550001	5575000	4.66667
Chr3	5575001	5600000	4.5
Chr3	5600001	5625000	9
Chr3	5625001	5650000	5
Chr3	5650001	5675000	4
Chr3	5675001	5700000	6.66667
Chr3	5700001	5725000	4.16667
Chr3	5725001	5750000	8.16667
Chr3	5750001	5775000	7
Chr3	5775001	5800000	6.33333
Chr3	5800001	5825000	11
Chr3	5825001	5850000	5.83333
Chr3	5850001	5875000	6.66667
Chr3	5875001	5900000	6
Chr3	5900001	5925000	5.66667
Chr3	5925001	5950000	9.33333
Chr3	5950001	5975000	5.83333
Chr3	5975001	6000000	5.66667
Chr3	6000001	6025000	4.5
Chr3	6025001	6050000	4.33333
Chr3	6050001	6075000	3.33333
Chr3	6075001	6100000	14
Chr3	6100001	6125000	19.5
Chr3	6125001	6150000	16.5
Chr3	6150001	6175000	7.83333
Chr3	6175001	6200000	14.3333
Chr3	6200001	6225000	21.3333
Chr3	6225001	6250000	19.8333
Chr3	6250001	6275000	21.3333
Chr3	6275001	6300000	53.6667
Chr3	6300001	6325000	32.6667
Chr3	6325001	6350000	52.6667
Chr3	6350001	6375000	96.5
Chr3	6375001	6400000	50
Chr3	6400001	6425000	47.1667
Chr3	6425001	6450000	52.1667
Chr3	6450001	6475000	78
Chr3	6475001	6500000	59.6667
Chr3	6500001	6525000	191.667
Chr3	6525001	6550000	163.333
Chr3	6550001	6575000	125.333
Chr3	6575001	6600000	120.833
Chr3	6600001	6625000	149.833
Chr3	6625001	6650000	85.6667
Chr3	6650001	6675000	81.1667
Chr3	6675001	6700000	72.8333
Chr3	6700001	6725000	157.667
Chr3	6725001	6750000	96.1667
Chr3	6750001	6775000	140
Chr3	6775001	6800000	295.167
Chr3	6800001	6825000	303.5
Chr3	6825001	6850000	395.833
Chr3	6850001	6875000	241.667
Chr3	6875001	6900000	196.5
Chr3	6900001	6925000	158
Chr3	6925001	6950000	157.667
Chr3	6950001	6975000	235.5
Chr3	6975001	7000000	449.667
Chr3	7000001	7025000	290.833
Chr3	7025001	7050000	206
Chr3	7050001	7075000	327.833
Chr3	7075001	7100000	290.333
Chr3	7100001	7125000	206.833
Chr3	7125001	7150000	210
Chr3	7150001	7175000	334.833
Chr3	7175001	7200000	308.167
Chr3	7200001	7225000	63.3333
Chr3	7225001	7250000	128.167
Chr3	7250001	7275000	84.1667
Chr3	7275001	7300000	109.333
Chr3	7300001	7325000	165.833
Chr3	7325001	7350000	211.833
Chr3	7350001	7375000	265.833
Chr3	7375001	7400000	123.167
Chr3	7400001	7425000	411
Chr3	7425001	7450000	283.833
Chr3	7450001	7475000	227.5
Chr3	7475001	7500000	318.833
Chr3	7500001	7525000	294.667
Chr3	7525001	7550000	399.167
Chr3	7550001	7575000	511.667
Chr3	7575001	7600000	488.667
Chr3	7600001	7625000	200.833
Chr3	7625001	7650000	263.167
Chr3	7650001	7675000	129.667
Chr3	7675001	7700000	217.167
Chr3	7700001	7725000	269.333
Chr3	7725001	7750000	130.333
Chr3	7750001	7775000	192.5
Chr3	7775001	7800000	154.5
Chr4	1	25000	33.8333
Chr4	25001	50000	115.167
Chr4	50001	75000	101.333
Chr4	75001	100000	119.167
Chr4	100001	125000	97.8333
Chr4	125001	150000	219
Chr4	150001	175000	196.333
Chr4	175001	200000	210.833
Chr4	200001	225000	312.5
Chr4	225001	250000	80.1667
Chr4	250001	275000	164.5
Chr4	275001	300000	154.667
Chr4	300001	325000	90.3333
Chr4	325001	350000	67
Chr4	350001	375000	89.6667
Chr4	375001	400000	55.3333
Chr4	400001	425000	146
Chr4	425001	450000	62.6667
Chr4	450001	475000	52.8333
Chr4	475001	500000	41.8333
Chr4	500001	525000	46.6667
Chr4	525001	550000	24.5
Chr4	550001	575000	32.6667
Chr4	575001	600000	36.6667
Chr4	600001	625000	21.5
Chr4	625001	650000	24.1667
Chr4	650001	675000	11.3333
Chr4	675001	700000	8.66667
Chr4	700001	725000	10.1667
Chr4	725001	750000	17.5
Chr4	750001	775000	11.8333
Chr4	775001	800000	8.66667
Chr4	800001	825000	8
Chr4	825001	850000	7
Chr4	850001	875000	10.1667
Chr4	875001	900000	14.5
Chr4	900001	925000	13.1667
Chr4	925001	950000	7
Chr4	950001	975000	9.83333
Chr4	975001	1000000	21
Chr4	1000001	1025000	38
Chr4	1025001	1050000	14.8333
Chr4	1050001	1075000	18.8333
Chr4	1075001	1100000	13.3333
Chr4	1100001	1125000	7.16667
Chr4	1125001	1150000	11.1667
Chr4	1150001	1175000	13.6667
Chr4	1175001	1200000	20.8333
Chr4	1200001	1225000	22.8333
Chr4	1225001	1250000	15.6667
Chr4	1250001	1275000	12.6667
Chr4	1275001	1300000	12.3333
Chr4	1300001	1325000	18.5
Chr4	1325001	1350000	11
Chr4	1350001	1375000	8.66667
Chr4	1375001	1400000	10.5
Chr4	1400001	1425000	13.1667
Chr4	1425001	1450000	25.5
Chr4	1450001	1475000	24.1667
Chr4	1475001	1500000	18
Chr4	1500001	1525000	17
Chr4	1525001	1550000	16.1667
Chr4	1550001	1575000	26
Chr4	1575001	1600000	31
Chr4	1600001	1625000	50.6667
Chr4	1625001	1650000	19.8333
Chr4	1650001	1675000	15.3333
Chr4	1675001	1700000	22.5
Chr4	1700001	1725000	35.5
Chr4	1725001	1750000	20.3333
Chr4	1750001	1775000	11.8333
Chr4	1775001	1800000	13.6667
Chr4	1800001	1825000	13.8333
Chr4	1825001	1850000	16.6667
Chr4	1850001	1875000	24.6667
Chr4	1875001	1900000	13.1667
Chr4	1900001	1925000	17.5
Chr4	1925001	1950000	20
Chr4	1950001	1975000	19.1667
Chr4	1975001	2000000	14.6667
Chr4	2000001	2025000	16.8333
Chr4	2025001	2050000	17.8333
Chr4	2050001	2075000	14
Chr4	2075001	2100000	17.1667
Chr4	2100001	2125000	15
Chr4	2125001	2150000	17
Chr4	2150001	2175000	15.5
Chr4	2175001	2200000	16.6667
Chr4	2200001	2225000	19.8333
Chr4	2225001	2250000	55.6667
Chr4	2250001	2275000	38.1667
Chr4	2275001	2300000	16.1667
Chr4	2300001	2325000	19
Chr4	2325001	2350000	23.5
Chr4	2350001	2375000	16
Chr4	2375001	2400000	18.3333
Chr4	2400001	2425000	28.1667
Chr4	2425001	2450000	19.6667
Chr4	2450001	2475000	19.3333
Chr4	2475001	2500000	25
Chr4	2500001	2525000	21.8333
Chr4	2525001	2550000	24.3333
Chr4	2550001	2575000	14
Chr4	2575001	2600000	36
Chr4	2600001	2625000	18.3333
Chr4	2625001	2650000	15.8333
Chr4	2650001	2675000	18.5
Chr4	2675001	2700000	18.1667
Chr4	2700001	2725000	9.33333
Chr4	2725001	2750000	73.3333
Chr4	2750001	2775000	78.3333
Chr4	2775001	2800000	28.6667
Chr4	2800001	2825000	49
Chr4	2825001	2850000	19.6667
Chr4	2850001	2875000	15.8333
Chr4	2875001	2900000	39
Chr4	2900001	2925000	22.3333
Chr4	2925001	2950000	16.6667
Chr4	2950001	2975000	16.3333
Chr4	2975001	3000000	27
Chr4	3000001	3025000	29
Chr4	3025001	3050000	15.1667
Chr4	3050001	3075000	18.3333
Chr4	3075001	3100000	20
Chr4	3100001	3125000	12.1667
Chr4	3125001	3150000	10.8333
Chr4	3150001	3175000	16.8333
Chr4	3175001	3200000	10
Chr4	3200001	3225000	17.6667
Chr4	3225001	3250000	40.8333
Chr4	3250001	3275000	56
Chr4	3275001	3300000	24.5
Chr4	3300001	3325000	24
Chr4	3325001	3350000	18.3333
Chr4	3350001	3375000	24.3333
Chr4	3375001	3400000	19.6667
Chr4	3400001	3425000	21.6667
Chr4	3425001	3450000	17.3333
Chr4	3450001	3475000	8.33333
Chr4	3475001	3500000	12.1667
Chr4	3500001	3525000	7.83333
Chr4	3525001	3550000	7.66667
Chr4	3550001	3575000	10.6667
Chr4	3575001	3600000	18
Chr4	3600001	3625000	4.16667
Chr4	3625001	3650000	12.5
Chr4	3650001	3675000	13.8333
Chr4	3675001	3700000	12.8333
Chr4	3700001	3725000	18.8333
Chr4	3725001	3750000	17.3333
Chr4	3750001	3775000	18.8333
Chr4	3775001	3800000	56.6667
Chr4	3800001	3825000	36.3333
Chr4	3825001	3850000	57.6667
Chr4	3850001	3875000	128
Chr4	3875001	3900000	123
Chr4	3900001	3925000	128.833
Chr4	3925001	3950000	125.333
Chr4	3950001	3975000	110.167
Chr4	3975001	4000000	152.5
Chr4	4000001	4025000	114.833
Chr4	4025001	4050000	104.833
Chr4	4050001	4075000	171.833
Chr4	4075001	4100000	185.5
Chr4	4100001	4125000	203.667
Chr4	4125001	4150000	239.833
Chr4	4150001	4175000	138
Chr4	4175001	4200000	77.1667
Chr4	4200001	4225000	106.5
Chr4	4225001	4250000	129.167
Chr4	4250001	4275000	132.5
Chr4	4275001	4300000	231
Chr4	4300001	4325000	200.167
Chr4	4325001	4350000	79.1667
Chr4	4350001	4375000	107.5
Chr4	4375001	4400000	191.5
Chr4	4400001	4425000	185.833
Chr4	4425001	4450000	218.333
Chr4	4450001	4475000	82.1667
Chr4	4475001	4500000	118
Chr4	4500001	4525000	90.8333
Chr4	4525001	4550000	59.8333
Chr4	4550001	4575000	101.167
Chr4	4575001	4600000	180
Chr4	4600001	4625000	87
Chr4	4625001	4650000	54
Chr4	4650001	4675000	33.8333
Chr4	4675001	4700000	15.3333
Chr4	4700001	4725000	13.3333
Chr4	4725001	4750000	14.1667
Chr4	4750001	4775000	12.6667
Chr4	4775001	4800000	6.66667
Chr4	4800001	4825000	10.6667
Chr4	4825001	4850000	7
Chr4	4850001	4875000	5.16667
Chr4	4875001	4900000	4
Chr4	4900001	4925000	3.16667
Chr4	4925001	4950000	1.83333
Chr4	4950001	4975000	2.5
Chr4	4975001	5000000	4.5
Chr4	5000001	5025000	7.16667
Chr4	5025001	5050000	35
Chr4	5050001	5075000	152
Chr4	5075001	5100000	108.833
Chr4	5100001	5125000	12.3333
Chr4	5125001	5150000	3
Chr4	5150001	5175000	4
Chr4	5175001	5200000	3.83333
Chr4	5200001	5225000	3.66667
Chr4	5225001	5250000	3.66667
Chr4	5250001	5275000	3
Chr4	5275001	5300000	5
Chr4	5300001	5325000	6
Chr4	5325001	5350000	4.83333
Chr4	5350001	5375000	4.83333
Chr4	5375001	5400000	6.5
Chr4	5400001	5425000	5.83333
Chr4	5425001	5450000	6.66667
Chr4	5450001	5475000	5.5
Chr4	5475001	5500000	12
Chr4	5500001	5525000	9
Chr4	5525001	5550000	10.3333
Chr4	5550001	5575000	14
Chr4	5575001	5600000	19
Chr4	5600001	5625000	27.1667
Chr4	5625001	5650000	15.8333
Chr4	5650001	5675000	19.6667
Chr4	5675001	5700000	12.8333
Chr4	5700001	5725000	15.1667
Chr4	5725001	5750000	18.6667
Chr4	5750001	5775000	15.5
Chr4	5775001	5800000	28.1667
Chr4	5800001	5825000	87.1667
Chr4	5825001	5850000	37.5
Chr4	5850001	5875000	21.1667
Chr4	5875001	5900000	12.3333
Chr4	5900001	5925000	7.33333
Chr4	5925001	5950000	9.83333
Chr4	5950001	5975000	17
Chr4	5975001	6000000	10.6667
Chr4	6000001	6025000	13.5
Chr4	6025001	6050000	9.5
Chr4	6050001	6075000	6.5
Chr4	6075001	6100000	8.33333
Chr4	6100001	6125000	9.33333
Chr4	6125001	6150000	13.1667
Chr4	6150001	6175000	14.5
Chr4	6175001	6200000	14.5
Chr4	6200001	6225000	21.6667
Chr4	6225001	6250000	12.8333
Chr4	6250001	6275000	20
Chr4	6275001	6300000	12.5
Chr4	6300001	6325000	22
Chr4	6325001	6350000	24.1667
Chr4	6350001	6375000	16.5
Chr4	6375001	6400000	18
Chr4	6400001	6425000	38.1667
Chr4	6425001	6450000	25.1667
Chr4	6450001	6475000	15.8333
Chr4	6475001	6500000	29.1667
Chr4	6500001	6525000	13.5
Chr4	6525001	6550000	74.5
Chr4	6550001	6575000	17.3333
Chr4	6575001	6600000	43.6667
Chr4	6600001	6625000	120.167
Chr4	6625001	6650000	72.6667
Chr4	6650001	6675000	25
Chr4	6675001	6700000	28.5
Chr4	6700001	6725000	47.1667
Chr4	6725001	6750000	35.3333
Chr4	6750001	6775000	48.3333
Chr4	6775001	6800000	46.8333
Chr4	6800001	6825000	46.6667
Chr4	6825001	6850000	79.6667
Chr4	6850001	6875000	31.8333
Chr4	6875001	6900000	44.8333
Chr4	6900001	6925000	29.8333
Chr4	6925001	6950000	14.1667
Chr4	6950001	6975000	44
Chr4	6975001	7000000	25.8333
Chr4	7000001	7025000	23.3333
Chr4	7025001	7050000	41.6667
Chr4	7050001	7075000	19.5
Chr4	7075001	7100000	7.66667
Chr4	7100001	7125000	19.6667
Chr4	7125001	7150000	68.6667
Chr4	7150001	7175000	29.8333
Chr4	7175001	7200000	41.1667
Chr4	7200001	7225000	38
Chr4	7225001	7250000	64
Chr4	7250001	7275000	52.1667
Chr4	7275001	7300000	64.1667
Chr4	7300001	7325000	50.5
Chr4	7325001	7350000	170.167
Chr4	7350001	7375000	146.833
Chr4	7375001	7400000	77.3333
Chr4	7400001	7425000	139.5
Chr4	7425001	7450000	178.833
Chr4	7450001	7475000	235.5
Chr4	7475001	7500000	386.5
Chr4	7500001	7525000	271
Chr4	7525001	7550000	256
Chr4	7550001	7575000	363.667
Chr4	7575001	7600000	240.333
Chr4	7600001	7625000	284.667
Chr4	7625001	7650000	263.333
Chr4	7650001	7675000	330.333
Chr4	7675001	7700000	210.5
Chr4	7700001	7725000	230.333
Chr4	7725001	7750000	190.833
Chr4	7750001	7775000	257.833
Chr4	7775001	7800000	84.6667
Chr4	7800001	7825000	96
Chr4	7825001	7850000	95.6667
Chr4	7850001	7875000	34.8333
Chr4	7875001	7900000	121.167
Chr4	7900001	7925000	69.5
Chr4	7925001	7950000	98.1667
Chr4	7950001	7975000	303.167
Chr4	7975001	8000000	342.167
Chr4	8000001	8025000	244.833
Chr4	8025001	8050000	14.6667
Chr4	8050001	8075000	15
Chr4	8075001	8100000	15.1667
Chr4	8100001	8125000	15
Chr4	8125001	8150000	13.8333
Chr4	8150001	8175000	22
Chr4	8175001	8200000	15.5
Chr4	8200001	8225000	15.1667
Chr4	8225001	8250000	16.5
Chr4	8250001	8275000	19.3333
Chr4	8275001	8300000	14.3333
Chr4	8300001	8325000	11.3333
Chr4	8325001	8350000	15
Chr4	8350001	8375000	21
Chr4	8375001	8400000	15.3333
Chr4	8400001	8425000	13.5
Chr4	8425001	8450000	16.5
Chr4	8450001	8475000	13.5
Chr4	8475001	8500000	18
Chr4	8500001	8525000	15.5
Chr4	8525001	8550000	14.5
Chr4	8550001	8575000	14.1667
Chr4	8575001	8600000	19.6667
Chr4	8600001	8625000	13.6667
Chr4	8625001	8650000	14.3333
Chr4	8650001	8675000	17
Chr4	8675001	8700000	18.3333
Chr4	8700001	8725000	15.8333
Chr4	8725001	8750000	18.6667
Chr4	8750001	8775000	15.1667
Chr4	8775001	8800000	15.5
Chr4	8800001	8825000	17.8333
Chr4	8825001	8850000	14.6667
Chr4	8850001	8875000	15.5
Chr4	8875001	8900000	12.8333
Chr4	8900001	8925000	20.5
Chr4	8925001	8950000	15
Chr4	8950001	8975000	15.3333
Chr4	8975001	9000000	15.5
Chr4	9000001	9025000	19.5
Chr4	9025001	9050000	16.1667
Chr4	9050001	9075000	15.5
Chr4	9075001	9100000	15.8333
Chr4	9100001	9125000	18.8333
Chr4	9125001	9150000	17.6667
Chr4	9150001	9175000	14.5
Chr4	9175001	9200000	15.1667
Chr4	9200001	9225000	16.5
Chr4	9225001	9250000	16
Chr4	9250001	9275000	12.5
Chr4	9275001	9300000	14.5
Chr4	9300001	9325000	14.5
Chr4	9325001	9350000	18.1667
Chr4	9350001	9375000	15.5
Chr4	9375001	9400000	15.5
Chr4	9400001	9425000	3.66667
