Chr1	1	25000	172
Chr1	25001	50000	221
Chr1	50001	75000	145
Chr1	75001	100000	159
Chr1	100001	125000	204
Chr1	125001	150000	176
Chr1	150001	175000	142
Chr1	175001	200000	91
Chr1	200001	225000	203
Chr1	225001	250000	122
Chr1	250001	275000	408
Chr1	275001	300000	263
Chr1	300001	325000	397
Chr1	325001	350000	1132
Chr1	350001	375000	324
Chr1	375001	400000	159
Chr1	400001	425000	83
Chr1	425001	450000	1041
Chr1	450001	475000	207
Chr1	475001	500000	173
Chr1	500001	525000	248
Chr1	525001	550000	698
Chr1	550001	575000	144
Chr1	575001	600000	84
Chr1	600001	625000	63
Chr1	625001	650000	100
Chr1	650001	675000	191
Chr1	675001	700000	77
Chr1	700001	725000	45
Chr1	725001	750000	133
Chr1	750001	775000	77
Chr1	775001	800000	94
Chr1	800001	825000	119
Chr1	825001	850000	30
Chr1	850001	875000	15
Chr1	875001	900000	22
Chr1	900001	925000	26
Chr1	925001	950000	35
Chr1	950001	975000	39
Chr1	975001	1000000	46
Chr1	1000001	1025000	48
Chr1	1025001	1050000	44
Chr1	1050001	1075000	21
Chr1	1075001	1100000	40
Chr1	1100001	1125000	20
Chr1	1125001	1150000	31
Chr1	1150001	1175000	40
Chr1	1175001	1200000	34
Chr1	1200001	1225000	26
Chr1	1225001	1250000	31
Chr1	1250001	1275000	31
Chr1	1275001	1300000	21
Chr1	1300001	1325000	21
Chr1	1325001	1350000	28
Chr1	1350001	1375000	47
Chr1	1375001	1400000	50
Chr1	1400001	1425000	39
Chr1	1425001	1450000	77
Chr1	1450001	1475000	26
Chr1	1475001	1500000	13
Chr1	1500001	1525000	23
Chr1	1525001	1550000	28
Chr1	1550001	1575000	18
Chr1	1575001	1600000	14
Chr1	1600001	1625000	17
Chr1	1625001	1650000	28
Chr1	1650001	1675000	16
Chr1	1675001	1700000	34
Chr1	1700001	1725000	10
Chr1	1725001	1750000	16
Chr1	1750001	1775000	11
Chr1	1775001	1800000	18
Chr1	1800001	1825000	11
Chr1	1825001	1850000	45
Chr1	1850001	1875000	16
Chr1	1875001	1900000	19
Chr1	1900001	1925000	36
Chr1	1925001	1950000	13
Chr1	1950001	1975000	13
Chr1	1975001	2000000	24
Chr1	2000001	2025000	13
Chr1	2025001	2050000	18
Chr1	2050001	2075000	36
Chr1	2075001	2100000	8
Chr1	2100001	2125000	28
Chr1	2125001	2150000	39
Chr1	2150001	2175000	21
Chr1	2175001	2200000	18
Chr1	2200001	2225000	25
Chr1	2225001	2250000	32
Chr1	2250001	2275000	36
Chr1	2275001	2300000	37
Chr1	2300001	2325000	48
Chr1	2325001	2350000	21
Chr1	2350001	2375000	31
Chr1	2375001	2400000	28
Chr1	2400001	2425000	31
Chr1	2425001	2450000	20
Chr1	2450001	2475000	22
Chr1	2475001	2500000	37
Chr1	2500001	2525000	22
Chr1	2525001	2550000	29
Chr1	2550001	2575000	46
Chr1	2575001	2600000	41
Chr1	2600001	2625000	34
Chr1	2625001	2650000	29
Chr1	2650001	2675000	12
Chr1	2675001	2700000	13
Chr1	2700001	2725000	35
Chr1	2725001	2750000	25
Chr1	2750001	2775000	15
Chr1	2775001	2800000	24
Chr1	2800001	2825000	13
Chr1	2825001	2850000	32
Chr1	2850001	2875000	37
Chr1	2875001	2900000	12
Chr1	2900001	2925000	33
Chr1	2925001	2950000	28
Chr1	2950001	2975000	18
Chr1	2975001	3000000	20
Chr1	3000001	3025000	17
Chr1	3025001	3050000	24
Chr1	3050001	3075000	23
Chr1	3075001	3100000	25
Chr1	3100001	3125000	40
Chr1	3125001	3150000	209
Chr1	3150001	3175000	42
Chr1	3175001	3200000	62
Chr1	3200001	3225000	51
Chr1	3225001	3250000	69
Chr1	3250001	3275000	50
Chr1	3275001	3300000	35
Chr1	3300001	3325000	21
Chr1	3325001	3350000	25
Chr1	3350001	3375000	23
Chr1	3375001	3400000	25
Chr1	3400001	3425000	25
Chr1	3425001	3450000	19
Chr1	3450001	3475000	73
Chr1	3475001	3500000	24
Chr1	3500001	3525000	31
Chr1	3525001	3550000	49
Chr1	3550001	3575000	194
Chr1	3575001	3600000	14
Chr1	3600001	3625000	46
Chr1	3625001	3650000	32
Chr1	3650001	3675000	26
Chr1	3675001	3700000	16
Chr1	3700001	3725000	37
Chr1	3725001	3750000	16
Chr1	3750001	3775000	21
Chr1	3775001	3800000	21
Chr1	3800001	3825000	18
Chr1	3825001	3850000	22
Chr1	3850001	3875000	31
Chr1	3875001	3900000	55
Chr1	3900001	3925000	30
Chr1	3925001	3950000	19
Chr1	3950001	3975000	16
Chr1	3975001	4000000	12
Chr1	4000001	4025000	12
Chr1	4025001	4050000	12
Chr1	4050001	4075000	9
Chr1	4075001	4100000	24
Chr1	4100001	4125000	20
Chr1	4125001	4150000	25
Chr1	4150001	4175000	16
Chr1	4175001	4200000	13
Chr1	4200001	4225000	15
Chr1	4225001	4250000	11
Chr1	4250001	4275000	38
Chr1	4275001	4300000	27
Chr1	4300001	4325000	23
Chr1	4325001	4350000	12
Chr1	4350001	4375000	22
Chr1	4375001	4400000	20
Chr1	4400001	4425000	15
Chr1	4425001	4450000	22
Chr1	4450001	4475000	21
Chr1	4475001	4500000	16
Chr1	4500001	4525000	13
Chr1	4525001	4550000	14
Chr1	4550001	4575000	33
Chr1	4575001	4600000	22
Chr1	4600001	4625000	36
Chr1	4625001	4650000	18
Chr1	4650001	4675000	24
Chr1	4675001	4700000	35
Chr1	4700001	4725000	30
Chr1	4725001	4750000	28
Chr1	4750001	4775000	27
Chr1	4775001	4800000	41
Chr1	4800001	4825000	62
Chr1	4825001	4850000	22
Chr1	4850001	4875000	20
Chr1	4875001	4900000	26
Chr1	4900001	4925000	22
Chr1	4925001	4950000	18
Chr1	4950001	4975000	21
Chr1	4975001	5000000	16
Chr1	5000001	5025000	14
Chr1	5025001	5050000	43
Chr1	5050001	5075000	30
Chr1	5075001	5100000	29
Chr1	5100001	5125000	44
Chr1	5125001	5150000	36
Chr1	5150001	5175000	40
Chr1	5175001	5200000	42
Chr1	5200001	5225000	56
Chr1	5225001	5250000	46
Chr1	5250001	5275000	70
Chr1	5275001	5300000	53
Chr1	5300001	5325000	78
Chr1	5325001	5350000	60
Chr1	5350001	5375000	53
Chr1	5375001	5400000	68
Chr1	5400001	5425000	49
Chr1	5425001	5450000	60
Chr1	5450001	5475000	26
Chr1	5475001	5500000	107
Chr1	5500001	5525000	101
Chr1	5525001	5550000	75
Chr1	5550001	5575000	385
Chr1	5575001	5600000	125
Chr1	5600001	5625000	96
Chr1	5625001	5650000	84
Chr1	5650001	5675000	98
Chr1	5675001	5700000	164
Chr1	5700001	5725000	198
Chr1	5725001	5750000	445
Chr1	5750001	5775000	309
Chr1	5775001	5800000	156
Chr1	5800001	5825000	198
Chr1	5825001	5850000	194
Chr1	5850001	5875000	275
Chr1	5875001	5900000	168
Chr1	5900001	5925000	338
Chr1	5925001	5950000	138
Chr1	5950001	5975000	120
Chr1	5975001	6000000	129
Chr1	6000001	6025000	102
Chr1	6025001	6050000	87
Chr1	6050001	6075000	58
Chr1	6075001	6100000	28
Chr1	6100001	6125000	46
Chr1	6125001	6150000	50
Chr1	6150001	6175000	49
Chr1	6175001	6200000	39
Chr1	6200001	6225000	25
Chr1	6225001	6250000	18
Chr1	6250001	6275000	22
Chr1	6275001	6300000	30
Chr1	6300001	6325000	35
Chr1	6325001	6350000	35
Chr1	6350001	6375000	37
Chr1	6375001	6400000	43
Chr1	6400001	6425000	24
Chr1	6425001	6450000	35
Chr1	6450001	6475000	31
Chr1	6475001	6500000	12
Chr1	6500001	6525000	9
Chr1	6525001	6550000	162
Chr1	6550001	6575000	31
Chr1	6575001	6600000	40
Chr1	6600001	6625000	39
Chr1	6625001	6650000	67
Chr1	6650001	6675000	83
Chr1	6675001	6700000	47
Chr1	6700001	6725000	38
Chr1	6725001	6750000	66
Chr1	6750001	6775000	20
Chr1	6775001	6800000	43
Chr1	6800001	6825000	35
Chr1	6825001	6850000	53
Chr1	6850001	6875000	48
Chr1	6875001	6900000	31
Chr1	6900001	6925000	89
Chr1	6925001	6950000	104
Chr1	6950001	6975000	103
Chr1	6975001	7000000	89
Chr1	7000001	7025000	147
Chr1	7025001	7050000	179
Chr1	7050001	7075000	143
Chr1	7075001	7100000	333
Chr1	7100001	7125000	148
Chr1	7125001	7150000	179
Chr1	7150001	7175000	394
Chr1	7175001	7200000	197
Chr1	7200001	7225000	218
Chr1	7225001	7250000	116
Chr1	7250001	7275000	134
Chr1	7275001	7300000	212
Chr1	7300001	7325000	200
Chr1	7325001	7350000	124
Chr1	7350001	7375000	183
Chr1	7375001	7400000	393
Chr1	7400001	7425000	111
Chr1	7425001	7450000	186
Chr1	7450001	7475000	140
Chr1	7475001	7500000	114
Chr1	7500001	7525000	158
Chr1	7525001	7550000	132
Chr1	7550001	7575000	208
Chr1	7575001	7600000	1303
Chr1	7600001	7625000	265
Chr1	7625001	7650000	866
Chr1	7650001	7675000	144
Chr1	7675001	7700000	162
Chr1	7700001	7725000	225
Chr1	7725001	7750000	90
Chr1	7750001	7775000	117
Chr1	7775001	7800000	184
Chr1	7800001	7825000	96
Chr1	7825001	7850000	101
Chr1	7850001	7875000	103
Chr1	7875001	7900000	113
Chr1	7900001	7925000	36
Chr1	7925001	7950000	9
Chr1	7950001	7975000	51
Chr1	7975001	8000000	13
Chr1	8000001	8025000	33
Chr1	8025001	8050000	21
Chr1	8050001	8075000	9
Chr1	8075001	8100000	48
Chr1	8100001	8125000	21
Chr1	8125001	8150000	32
Chr1	8150001	8175000	31
Chr1	8175001	8200000	23
Chr1	8200001	8225000	27
Chr1	8225001	8250000	26
Chr1	8250001	8275000	43
Chr1	8275001	8300000	21
Chr1	8300001	8325000	25
Chr1	8325001	8350000	50
Chr1	8350001	8375000	42
Chr1	8375001	8400000	66
Chr1	8400001	8425000	97
Chr1	8425001	8450000	94
Chr1	8450001	8475000	40
Chr1	8475001	8500000	28
Chr1	8500001	8525000	56
Chr1	8525001	8550000	53
Chr1	8550001	8575000	19
Chr1	8575001	8600000	29
Chr1	8600001	8625000	48
Chr1	8625001	8650000	31
Chr1	8650001	8675000	20
Chr1	8675001	8700000	29
Chr1	8700001	8725000	26
Chr1	8725001	8750000	71
Chr1	8750001	8775000	66
Chr1	8775001	8800000	22
Chr1	8800001	8825000	57
Chr1	8825001	8850000	29
Chr1	8850001	8875000	18
Chr1	8875001	8900000	24
Chr1	8900001	8925000	23
Chr1	8925001	8950000	21
Chr1	8950001	8975000	201
Chr1	8975001	9000000	370
Chr1	9000001	9025000	203
Chr1	9025001	9050000	16
Chr1	9050001	9075000	29
Chr1	9075001	9100000	49
Chr1	9100001	9125000	39
Chr1	9125001	9150000	14
Chr1	9150001	9175000	11
Chr1	9175001	9200000	21
Chr1	9200001	9225000	16
Chr1	9225001	9250000	2
Chr1	9250001	9275000	0
Chr1	9275001	9300000	0
Chr1	9300001	9325000	0
Chr1	9325001	9350000	0
Chr1	9350001	9375000	0
Chr1	9375001	9400000	0
Chr1	9400001	9425000	0
Chr1	9425001	9450000	0
Chr1	9450001	9475000	0
Chr1	9475001	9500000	0
Chr1	9500001	9525000	0
Chr1	9525001	9550000	0
Chr1	9550001	9575000	0
Chr1	9575001	9600000	0
Chr1	9600001	9625000	0
Chr1	9625001	9650000	0
Chr1	9650001	9675000	0
Chr1	9675001	9700000	1
Chr1	9700001	9725000	0
Chr1	9725001	9750000	0
Chr1	9750001	9775000	0
Chr1	9775001	9800000	0
Chr1	9800001	9825000	0
Chr1	9825001	9850000	0
Chr1	9850001	9875000	0
Chr1	9875001	9900000	0
Chr1	9900001	9925000	1
Chr1	9925001	9950000	14
Chr1	9950001	9975000	21
Chr1	9975001	10000000	19
Chr1	10000001	10025000	26
Chr1	10025001	10050000	42
Chr1	10050001	10075000	30
Chr1	10075001	10100000	56
Chr1	10100001	10125000	33
Chr1	10125001	10150000	8
Chr1	10150001	10175000	40
Chr1	10175001	10200000	29
Chr1	10200001	10225000	19
Chr1	10225001	10250000	11
Chr1	10250001	10275000	9
Chr1	10275001	10300000	42
Chr1	10300001	10325000	30
Chr1	10325001	10350000	29
Chr1	10350001	10375000	22
Chr1	10375001	10400000	26
Chr1	10400001	10425000	32
Chr1	10425001	10450000	20
Chr1	10450001	10475000	26
Chr1	10475001	10500000	56
Chr1	10500001	10525000	59
Chr1	10525001	10550000	32
Chr1	10550001	10575000	152
Chr1	10575001	10600000	133
Chr1	10600001	10625000	43
Chr1	10625001	10650000	45
Chr1	10650001	10675000	56
Chr1	10675001	10700000	68
Chr1	10700001	10725000	38
Chr1	10725001	10750000	47
Chr1	10750001	10775000	67
Chr1	10775001	10800000	5
Chr1	10800001	10825000	0
Chr1	10825001	10850000	0
Chr1	10850001	10875000	0
Chr1	10875001	10900000	0
Chr1	10900001	10925000	0
Chr1	10925001	10950000	0
Chr1	10950001	10975000	0
Chr1	10975001	11000000	0
Chr1	11000001	11025000	0
Chr1	11025001	11050000	0
Chr1	11050001	11075000	0
Chr1	11075001	11100000	0
Chr1	11100001	11125000	0
Chr1	11125001	11150000	0
Chr1	11150001	11175000	0
Chr1	11175001	11200000	1
Chr1	11200001	11225000	0
Chr1	11225001	11250000	0
Chr1	11250001	11275000	0
Chr1	11275001	11300000	0
Chr1	11300001	11325000	0
Chr1	11325001	11350000	0
Chr1	11350001	11375000	0
Chr1	11375001	11400000	0
Chr1	11400001	11425000	0
Chr1	11425001	11450000	0
Chr1	11450001	11475000	0
Chr1	11475001	11500000	0
Chr1	11500001	11525000	0
Chr1	11525001	11550000	550
Chr1	11550001	11575000	263
Chr1	11575001	11600000	451
Chr1	11600001	11625000	523
Chr1	11625001	11650000	169
Chr1	11650001	11675000	229
Chr1	11675001	11700000	175
Chr1	11700001	11725000	112
Chr1	11725001	11750000	9
Chr1	11750001	11775000	36
Chr2	1	25000	363
Chr2	25001	50000	35
Chr2	50001	75000	0
Chr2	75001	100000	0
Chr2	100001	125000	0
Chr2	125001	150000	0
Chr2	150001	175000	0
Chr2	175001	200000	0
Chr2	200001	225000	7
Chr2	225001	250000	2
Chr2	250001	275000	0
Chr2	275001	300000	0
Chr2	300001	325000	0
Chr2	325001	350000	0
Chr2	350001	375000	245
Chr2	375001	400000	0
Chr2	400001	425000	0
Chr2	425001	450000	0
Chr2	450001	475000	0
Chr2	475001	500000	0
Chr2	500001	525000	0
Chr2	525001	550000	0
Chr2	550001	575000	0
Chr2	575001	600000	8
Chr2	600001	625000	0
Chr2	625001	650000	0
Chr2	650001	675000	0
Chr2	675001	700000	0
Chr2	700001	725000	0
Chr2	725001	750000	0
Chr2	750001	775000	0
Chr2	775001	800000	0
Chr2	800001	825000	0
Chr2	825001	850000	0
Chr2	850001	875000	0
Chr2	875001	900000	0
Chr2	900001	925000	0
Chr2	925001	950000	0
Chr2	950001	975000	0
Chr2	975001	1000000	0
Chr2	1000001	1025000	52
Chr2	1025001	1050000	81
Chr2	1050001	1075000	102
Chr2	1075001	1100000	43
Chr2	1100001	1125000	84
Chr2	1125001	1150000	27
Chr2	1150001	1175000	72
Chr2	1175001	1200000	39
Chr2	1200001	1225000	26
Chr2	1225001	1250000	16
Chr2	1250001	1275000	35
Chr2	1275001	1300000	14
Chr2	1300001	1325000	19
Chr2	1325001	1350000	14
Chr2	1350001	1375000	31
Chr2	1375001	1400000	34
Chr2	1400001	1425000	28
Chr2	1425001	1450000	28
Chr2	1450001	1475000	25
Chr2	1475001	1500000	27
Chr2	1500001	1525000	15
Chr2	1525001	1550000	33
Chr2	1550001	1575000	40
Chr2	1575001	1600000	16
Chr2	1600001	1625000	18
Chr2	1625001	1650000	50
Chr2	1650001	1675000	34
Chr2	1675001	1700000	21
Chr2	1700001	1725000	13
Chr2	1725001	1750000	23
Chr2	1750001	1775000	25
Chr2	1775001	1800000	19
Chr2	1800001	1825000	36
Chr2	1825001	1850000	29
Chr2	1850001	1875000	17
Chr2	1875001	1900000	30
Chr2	1900001	1925000	35
Chr2	1925001	1950000	26
Chr2	1950001	1975000	14
Chr2	1975001	2000000	46
Chr2	2000001	2025000	30
Chr2	2025001	2050000	15
Chr2	2050001	2075000	43
Chr2	2075001	2100000	17
Chr2	2100001	2125000	27
Chr2	2125001	2150000	41
Chr2	2150001	2175000	16
Chr2	2175001	2200000	10
Chr2	2200001	2225000	23
Chr2	2225001	2250000	25
Chr2	2250001	2275000	19
Chr2	2275001	2300000	27
Chr2	2300001	2325000	55
Chr2	2325001	2350000	14
Chr2	2350001	2375000	18
Chr2	2375001	2400000	26
Chr2	2400001	2425000	39
Chr2	2425001	2450000	36
Chr2	2450001	2475000	44
Chr2	2475001	2500000	16
Chr2	2500001	2525000	31
Chr2	2525001	2550000	26
Chr2	2550001	2575000	51
Chr2	2575001	2600000	78
Chr2	2600001	2625000	53
Chr2	2625001	2650000	76
Chr2	2650001	2675000	66
Chr2	2675001	2700000	26
Chr2	2700001	2725000	40
Chr2	2725001	2750000	75
Chr2	2750001	2775000	53
Chr2	2775001	2800000	77
Chr2	2800001	2825000	90
Chr2	2825001	2850000	144
Chr2	2850001	2875000	183
Chr2	2875001	2900000	102
Chr2	2900001	2925000	160
Chr2	2925001	2950000	26
Chr2	2950001	2975000	38
Chr2	2975001	3000000	40
Chr2	3000001	3025000	37
Chr2	3025001	3050000	32
Chr2	3050001	3075000	67
Chr2	3075001	3100000	31
Chr2	3100001	3125000	26
Chr2	3125001	3150000	26
Chr2	3150001	3175000	26
Chr2	3175001	3200000	37
Chr2	3200001	3225000	25
Chr2	3225001	3250000	24
Chr2	3250001	3275000	132
Chr2	3275001	3300000	609
Chr2	3300001	3325000	353
Chr2	3325001	3350000	212
Chr2	3350001	3375000	53
Chr2	3375001	3400000	46
Chr2	3400001	3425000	39
Chr2	3425001	3450000	47
Chr2	3450001	3475000	43
Chr2	3475001	3500000	79
Chr2	3500001	3525000	86
Chr2	3525001	3550000	125
Chr2	3550001	3575000	152
Chr2	3575001	3600000	110
Chr2	3600001	3625000	69
Chr2	3625001	3650000	53
Chr2	3650001	3675000	66
Chr2	3675001	3700000	210
Chr2	3700001	3725000	109
Chr2	3725001	3750000	264
Chr2	3750001	3775000	105
Chr2	3775001	3800000	181
Chr2	3800001	3825000	214
Chr2	3825001	3850000	209
Chr2	3850001	3875000	192
Chr2	3875001	3900000	137
Chr2	3900001	3925000	211
Chr2	3925001	3950000	194
Chr2	3950001	3975000	172
Chr2	3975001	4000000	157
Chr2	4000001	4025000	175
Chr2	4025001	4050000	177
Chr2	4050001	4075000	237
Chr2	4075001	4100000	178
Chr2	4100001	4125000	306
Chr2	4125001	4150000	421
Chr2	4150001	4175000	329
Chr2	4175001	4200000	322
Chr2	4200001	4225000	276
Chr2	4225001	4250000	357
Chr2	4250001	4275000	124
Chr2	4275001	4300000	124
Chr2	4300001	4325000	77
Chr2	4325001	4350000	118
Chr2	4350001	4375000	98
Chr2	4375001	4400000	176
Chr2	4400001	4425000	143
Chr2	4425001	4450000	114
Chr2	4450001	4475000	182
Chr2	4475001	4500000	276
Chr2	4500001	4525000	142
Chr2	4525001	4550000	114
Chr2	4550001	4575000	110
Chr2	4575001	4600000	134
Chr2	4600001	4625000	97
Chr2	4625001	4650000	138
Chr2	4650001	4675000	108
Chr2	4675001	4700000	134
Chr2	4700001	4725000	168
Chr2	4725001	4750000	194
Chr2	4750001	4775000	150
Chr2	4775001	4800000	88
Chr2	4800001	4825000	166
Chr2	4825001	4850000	142
Chr2	4850001	4875000	227
Chr2	4875001	4900000	71
Chr2	4900001	4925000	164
Chr2	4925001	4950000	178
Chr2	4950001	4975000	216
Chr2	4975001	5000000	376
Chr2	5000001	5025000	54
Chr2	5025001	5050000	127
Chr2	5050001	5075000	110
Chr2	5075001	5100000	101
Chr2	5100001	5125000	173
Chr2	5125001	5150000	133
Chr2	5150001	5175000	121
Chr2	5175001	5200000	123
Chr2	5200001	5225000	132
Chr2	5225001	5250000	117
Chr2	5250001	5275000	156
Chr2	5275001	5300000	186
Chr2	5300001	5325000	108
Chr2	5325001	5350000	151
Chr2	5350001	5375000	114
Chr2	5375001	5400000	630
Chr2	5400001	5425000	812
Chr2	5425001	5450000	109
Chr2	5450001	5475000	109
Chr2	5475001	5500000	90
Chr2	5500001	5525000	91
Chr2	5525001	5550000	102
Chr2	5550001	5575000	119
Chr2	5575001	5600000	165
Chr2	5600001	5625000	119
Chr2	5625001	5650000	144
Chr2	5650001	5675000	154
Chr2	5675001	5700000	125
Chr2	5700001	5725000	126
Chr2	5725001	5750000	143
Chr2	5750001	5775000	90
Chr2	5775001	5800000	147
Chr2	5800001	5825000	106
Chr2	5825001	5850000	117
Chr2	5850001	5875000	129
Chr2	5875001	5900000	102
Chr2	5900001	5925000	116
Chr2	5925001	5950000	170
Chr2	5950001	5975000	194
Chr2	5975001	6000000	104
Chr2	6000001	6025000	252
Chr2	6025001	6050000	145
Chr2	6050001	6075000	156
Chr2	6075001	6100000	127
Chr2	6100001	6125000	355
Chr2	6125001	6150000	204
Chr2	6150001	6175000	153
Chr2	6175001	6200000	102
Chr2	6200001	6225000	90
Chr2	6225001	6250000	127
Chr2	6250001	6275000	201
Chr2	6275001	6300000	204
Chr2	6300001	6325000	789
Chr2	6325001	6350000	743
Chr2	6350001	6375000	135
Chr2	6375001	6400000	93
Chr2	6400001	6425000	102
Chr2	6425001	6450000	84
Chr2	6450001	6475000	231
Chr2	6475001	6500000	120
Chr2	6500001	6525000	114
Chr2	6525001	6550000	39
Chr2	6550001	6575000	50
Chr2	6575001	6600000	61
Chr2	6600001	6625000	28
Chr2	6625001	6650000	120
Chr2	6650001	6675000	115
Chr2	6675001	6700000	66
Chr2	6700001	6725000	36
Chr2	6725001	6750000	28
Chr2	6750001	6775000	67
Chr2	6775001	6800000	51
Chr2	6800001	6825000	80
Chr2	6825001	6850000	127
Chr2	6850001	6875000	125
Chr2	6875001	6900000	39
Chr2	6900001	6925000	66
Chr2	6925001	6950000	34
Chr2	6950001	6975000	32
Chr2	6975001	7000000	18
Chr2	7000001	7025000	42
Chr2	7025001	7050000	35
Chr2	7050001	7075000	36
Chr2	7075001	7100000	51
Chr2	7100001	7125000	36
Chr2	7125001	7150000	30
Chr2	7150001	7175000	31
Chr2	7175001	7200000	39
Chr2	7200001	7225000	34
Chr2	7225001	7250000	10
Chr2	7250001	7275000	18
Chr2	7275001	7300000	10
Chr2	7300001	7325000	26
Chr2	7325001	7350000	51
Chr2	7350001	7375000	16
Chr2	7375001	7400000	29
Chr2	7400001	7425000	39
Chr2	7425001	7450000	19
Chr2	7450001	7475000	33
Chr2	7475001	7500000	19
Chr2	7500001	7525000	27
Chr2	7525001	7550000	19
Chr2	7550001	7575000	34
Chr2	7575001	7600000	11
Chr2	7600001	7625000	20
Chr2	7625001	7650000	28
Chr2	7650001	7675000	24
Chr2	7675001	7700000	51
Chr2	7700001	7725000	41
Chr2	7725001	7750000	19
Chr2	7750001	7775000	18
Chr2	7775001	7800000	31
Chr2	7800001	7825000	77
Chr2	7825001	7850000	428
Chr2	7850001	7875000	259
Chr2	7875001	7900000	46
Chr2	7900001	7925000	55
Chr2	7925001	7950000	28
Chr2	7950001	7975000	28
Chr2	7975001	8000000	32
Chr2	8000001	8025000	69
Chr2	8025001	8050000	48
Chr2	8050001	8075000	51
Chr2	8075001	8100000	69
Chr2	8100001	8125000	58
Chr2	8125001	8150000	164
Chr2	8150001	8175000	37
Chr2	8175001	8200000	41
Chr2	8200001	8225000	256
Chr2	8225001	8250000	232
Chr2	8250001	8275000	189
Chr2	8275001	8300000	606
Chr2	8300001	8325000	557
Chr2	8325001	8350000	297
Chr2	8350001	8375000	362
Chr2	8375001	8400000	200
Chr2	8400001	8425000	223
Chr2	8425001	8450000	152
Chr2	8450001	8475000	170
Chr2	8475001	8500000	272
Chr2	8500001	8525000	255
Chr2	8525001	8550000	294
Chr2	8550001	8575000	706
Chr2	8575001	8600000	217
Chr2	8600001	8625000	210
Chr2	8625001	8650000	218
Chr2	8650001	8675000	528
Chr2	8675001	8700000	479
Chr2	8700001	8725000	632
Chr2	8725001	8750000	169
Chr2	8750001	8775000	104
Chr2	8775001	8800000	322
Chr2	8800001	8825000	221
Chr2	8825001	8850000	205
Chr2	8850001	8875000	179
Chr2	8875001	8900000	162
Chr2	8900001	8925000	312
Chr2	8925001	8950000	251
Chr2	8950001	8975000	171
Chr2	8975001	9000000	177
Chr3	1	25000	70
Chr3	25001	50000	91
Chr3	50001	75000	143
Chr3	75001	100000	318
Chr3	100001	125000	245
Chr3	125001	150000	0
Chr3	150001	175000	0
Chr3	175001	200000	0
Chr3	200001	225000	0
Chr3	225001	250000	0
Chr3	250001	275000	0
Chr3	275001	300000	7
Chr3	300001	325000	0
Chr3	325001	350000	0
Chr3	350001	375000	0
Chr3	375001	400000	0
Chr3	400001	425000	0
Chr3	425001	450000	0
Chr3	450001	475000	0
Chr3	475001	500000	0
Chr3	500001	525000	0
Chr3	525001	550000	21
Chr3	550001	575000	52
Chr3	575001	600000	23
Chr3	600001	625000	38
Chr3	625001	650000	42
Chr3	650001	675000	95
Chr3	675001	700000	34
Chr3	700001	725000	12
Chr3	725001	750000	26
Chr3	750001	775000	37
Chr3	775001	800000	33
Chr3	800001	825000	31
Chr3	825001	850000	21
Chr3	850001	875000	28
Chr3	875001	900000	28
Chr3	900001	925000	28
Chr3	925001	950000	22
Chr3	950001	975000	18
Chr3	975001	1000000	34
Chr3	1000001	1025000	33
Chr3	1025001	1050000	16
Chr3	1050001	1075000	10
Chr3	1075001	1100000	25
Chr3	1100001	1125000	20
Chr3	1125001	1150000	8
Chr3	1150001	1175000	25
Chr3	1175001	1200000	20
Chr3	1200001	1225000	21
Chr3	1225001	1250000	12
Chr3	1250001	1275000	15
Chr3	1275001	1300000	13
Chr3	1300001	1325000	10
Chr3	1325001	1350000	22
Chr3	1350001	1375000	10
Chr3	1375001	1400000	27
Chr3	1400001	1425000	18
Chr3	1425001	1450000	28
Chr3	1450001	1475000	20
Chr3	1475001	1500000	12
Chr3	1500001	1525000	35
Chr3	1525001	1550000	48
Chr3	1550001	1575000	16
Chr3	1575001	1600000	22
Chr3	1600001	1625000	20
Chr3	1625001	1650000	15
Chr3	1650001	1675000	11
Chr3	1675001	1700000	47
Chr3	1700001	1725000	11
Chr3	1725001	1750000	14
Chr3	1750001	1775000	13
Chr3	1775001	1800000	31
Chr3	1800001	1825000	35
Chr3	1825001	1850000	16
Chr3	1850001	1875000	18
Chr3	1875001	1900000	29
Chr3	1900001	1925000	10
Chr3	1925001	1950000	43
Chr3	1950001	1975000	32
Chr3	1975001	2000000	24
Chr3	2000001	2025000	39
Chr3	2025001	2050000	25
Chr3	2050001	2075000	19
Chr3	2075001	2100000	16
Chr3	2100001	2125000	41
Chr3	2125001	2150000	37
Chr3	2150001	2175000	48
Chr3	2175001	2200000	26
Chr3	2200001	2225000	12
Chr3	2225001	2250000	37
Chr3	2250001	2275000	14
Chr3	2275001	2300000	24
Chr3	2300001	2325000	18
Chr3	2325001	2350000	14
Chr3	2350001	2375000	28
Chr3	2375001	2400000	26
Chr3	2400001	2425000	27
Chr3	2425001	2450000	28
Chr3	2450001	2475000	34
Chr3	2475001	2500000	16
Chr3	2500001	2525000	35
Chr3	2525001	2550000	39
Chr3	2550001	2575000	33
Chr3	2575001	2600000	33
Chr3	2600001	2625000	13
Chr3	2625001	2650000	19
Chr3	2650001	2675000	24
Chr3	2675001	2700000	20
Chr3	2700001	2725000	18
Chr3	2725001	2750000	36
Chr3	2750001	2775000	18
Chr3	2775001	2800000	21
Chr3	2800001	2825000	52
Chr3	2825001	2850000	49
Chr3	2850001	2875000	36
Chr3	2875001	2900000	27
Chr3	2900001	2925000	18
Chr3	2925001	2950000	25
Chr3	2950001	2975000	50
Chr3	2975001	3000000	24
Chr3	3000001	3025000	39
Chr3	3025001	3050000	72
Chr3	3050001	3075000	31
Chr3	3075001	3100000	21
Chr3	3100001	3125000	33
Chr3	3125001	3150000	22
Chr3	3150001	3175000	119
Chr3	3175001	3200000	60
Chr3	3200001	3225000	30
Chr3	3225001	3250000	16
Chr3	3250001	3275000	32
Chr3	3275001	3300000	76
Chr3	3300001	3325000	88
Chr3	3325001	3350000	40
Chr3	3350001	3375000	39
Chr3	3375001	3400000	93
Chr3	3400001	3425000	93
Chr3	3425001	3450000	146
Chr3	3450001	3475000	84
Chr3	3475001	3500000	125
Chr3	3500001	3525000	68
Chr3	3525001	3550000	98
Chr3	3550001	3575000	62
Chr3	3575001	3600000	18
Chr3	3600001	3625000	43
Chr3	3625001	3650000	119
Chr3	3650001	3675000	54
Chr3	3675001	3700000	17
Chr3	3700001	3725000	42
Chr3	3725001	3750000	40
Chr3	3750001	3775000	24
Chr3	3775001	3800000	35
Chr3	3800001	3825000	45
Chr3	3825001	3850000	0
Chr3	3850001	3875000	0
Chr3	3875001	3900000	0
Chr3	3900001	3925000	0
Chr3	3925001	3950000	0
Chr3	3950001	3975000	0
Chr3	3975001	4000000	0
Chr3	4000001	4025000	0
Chr3	4025001	4050000	0
Chr3	4050001	4075000	6
Chr3	4075001	4100000	0
Chr3	4100001	4125000	0
Chr3	4125001	4150000	0
Chr3	4150001	4175000	0
Chr3	4175001	4200000	0
Chr3	4200001	4225000	0
Chr3	4225001	4250000	0
Chr3	4250001	4275000	0
Chr3	4275001	4300000	0
Chr3	4300001	4325000	0
Chr3	4325001	4350000	0
Chr3	4350001	4375000	0
Chr3	4375001	4400000	0
Chr3	4400001	4425000	0
Chr3	4425001	4450000	0
Chr3	4450001	4475000	0
Chr3	4475001	4500000	0
Chr3	4500001	4525000	0
Chr3	4525001	4550000	0
Chr3	4550001	4575000	0
Chr3	4575001	4600000	1
Chr3	4600001	4625000	19
Chr3	4625001	4650000	22
Chr3	4650001	4675000	22
Chr3	4675001	4700000	15
Chr3	4700001	4725000	50
Chr3	4725001	4750000	42
Chr3	4750001	4775000	37
Chr3	4775001	4800000	14
Chr3	4800001	4825000	28
Chr3	4825001	4850000	15
Chr3	4850001	4875000	13
Chr3	4875001	4900000	22
Chr3	4900001	4925000	21
Chr3	4925001	4950000	43
Chr3	4950001	4975000	29
Chr3	4975001	5000000	23
Chr3	5000001	5025000	18
Chr3	5025001	5050000	7
Chr3	5050001	5075000	13
Chr3	5075001	5100000	18
Chr3	5100001	5125000	3
Chr3	5125001	5150000	24
Chr3	5150001	5175000	28
Chr3	5175001	5200000	29
Chr3	5200001	5225000	30
Chr3	5225001	5250000	13
Chr3	5250001	5275000	38
Chr3	5275001	5300000	20
Chr3	5300001	5325000	13
Chr3	5325001	5350000	22
Chr3	5350001	5375000	503
Chr3	5375001	5400000	327
Chr3	5400001	5425000	24
Chr3	5425001	5450000	9
Chr3	5450001	5475000	15
Chr3	5475001	5500000	13
Chr3	5500001	5525000	13
Chr3	5525001	5550000	18
Chr3	5550001	5575000	10
Chr3	5575001	5600000	9
Chr3	5600001	5625000	24
Chr3	5625001	5650000	12
Chr3	5650001	5675000	8
Chr3	5675001	5700000	14
Chr3	5700001	5725000	5
Chr3	5725001	5750000	30
Chr3	5750001	5775000	12
Chr3	5775001	5800000	11
Chr3	5800001	5825000	22
Chr3	5825001	5850000	12
Chr3	5850001	5875000	13
Chr3	5875001	5900000	11
Chr3	5900001	5925000	15
Chr3	5925001	5950000	37
Chr3	5950001	5975000	13
Chr3	5975001	6000000	11
Chr3	6000001	6025000	15
Chr3	6025001	6050000	15
Chr3	6050001	6075000	9
Chr3	6075001	6100000	41
Chr3	6100001	6125000	69
Chr3	6125001	6150000	32
Chr3	6150001	6175000	19
Chr3	6175001	6200000	23
Chr3	6200001	6225000	24
Chr3	6225001	6250000	28
Chr3	6250001	6275000	33
Chr3	6275001	6300000	68
Chr3	6300001	6325000	41
Chr3	6325001	6350000	75
Chr3	6350001	6375000	176
Chr3	6375001	6400000	118
Chr3	6400001	6425000	107
Chr3	6425001	6450000	109
Chr3	6450001	6475000	162
Chr3	6475001	6500000	105
Chr3	6500001	6525000	502
Chr3	6525001	6550000	632
Chr3	6550001	6575000	269
Chr3	6575001	6600000	137
Chr3	6600001	6625000	171
Chr3	6625001	6650000	141
Chr3	6650001	6675000	76
Chr3	6675001	6700000	152
Chr3	6700001	6725000	127
Chr3	6725001	6750000	104
Chr3	6750001	6775000	180
Chr3	6775001	6800000	466
Chr3	6800001	6825000	536
Chr3	6825001	6850000	449
Chr3	6850001	6875000	339
Chr3	6875001	6900000	288
Chr3	6900001	6925000	152
Chr3	6925001	6950000	237
Chr3	6950001	6975000	424
Chr3	6975001	7000000	865
Chr3	7000001	7025000	314
Chr3	7025001	7050000	231
Chr3	7050001	7075000	461
Chr3	7075001	7100000	279
Chr3	7100001	7125000	318
Chr3	7125001	7150000	198
Chr3	7150001	7175000	408
Chr3	7175001	7200000	437
Chr3	7200001	7225000	124
Chr3	7225001	7250000	177
Chr3	7250001	7275000	84
Chr3	7275001	7300000	119
Chr3	7300001	7325000	147
Chr3	7325001	7350000	218
Chr3	7350001	7375000	452
Chr3	7375001	7400000	60
Chr3	7400001	7425000	838
Chr3	7425001	7450000	221
Chr3	7450001	7475000	284
Chr3	7475001	7500000	434
Chr3	7500001	7525000	294
Chr3	7525001	7550000	427
Chr3	7550001	7575000	626
Chr3	7575001	7600000	608
Chr3	7600001	7625000	422
Chr3	7625001	7650000	510
Chr3	7650001	7675000	134
Chr3	7675001	7700000	234
Chr3	7700001	7725000	276
Chr3	7725001	7750000	156
Chr3	7750001	7775000	230
Chr3	7775001	7800000	310
Chr4	1	25000	0
Chr4	25001	50000	51
Chr4	50001	75000	121
Chr4	75001	100000	169
Chr4	100001	125000	136
Chr4	125001	150000	295
Chr4	150001	175000	247
Chr4	175001	200000	185
Chr4	200001	225000	209
Chr4	225001	250000	88
Chr4	250001	275000	265
Chr4	275001	300000	182
Chr4	300001	325000	95
Chr4	325001	350000	84
Chr4	350001	375000	95
Chr4	375001	400000	56
Chr4	400001	425000	320
Chr4	425001	450000	39
Chr4	450001	475000	61
Chr4	475001	500000	60
Chr4	500001	525000	78
Chr4	525001	550000	27
Chr4	550001	575000	79
Chr4	575001	600000	58
Chr4	600001	625000	27
Chr4	625001	650000	27
Chr4	650001	675000	12
Chr4	675001	700000	10
Chr4	700001	725000	14
Chr4	725001	750000	31
Chr4	750001	775000	9
Chr4	775001	800000	23
Chr4	800001	825000	16
Chr4	825001	850000	14
Chr4	850001	875000	27
Chr4	875001	900000	16
Chr4	900001	925000	34
Chr4	925001	950000	12
Chr4	950001	975000	22
Chr4	975001	1000000	30
Chr4	1000001	1025000	65
Chr4	1025001	1050000	41
Chr4	1050001	1075000	39
Chr4	1075001	1100000	32
Chr4	1100001	1125000	12
Chr4	1125001	1150000	22
Chr4	1150001	1175000	23
Chr4	1175001	1200000	35
Chr4	1200001	1225000	36
Chr4	1225001	1250000	22
Chr4	1250001	1275000	19
Chr4	1275001	1300000	13
Chr4	1300001	1325000	26
Chr4	1325001	1350000	8
Chr4	1350001	1375000	13
Chr4	1375001	1400000	15
Chr4	1400001	1425000	27
Chr4	1425001	1450000	34
Chr4	1450001	1475000	40
Chr4	1475001	1500000	48
Chr4	1500001	1525000	23
Chr4	1525001	1550000	22
Chr4	1550001	1575000	23
Chr4	1575001	1600000	21
Chr4	1600001	1625000	65
Chr4	1625001	1650000	27
Chr4	1650001	1675000	32
Chr4	1675001	1700000	26
Chr4	1700001	1725000	48
Chr4	1725001	1750000	41
Chr4	1750001	1775000	16
Chr4	1775001	1800000	21
Chr4	1800001	1825000	14
Chr4	1825001	1850000	19
Chr4	1850001	1875000	34
Chr4	1875001	1900000	14
Chr4	1900001	1925000	15
Chr4	1925001	1950000	25
Chr4	1950001	1975000	21
Chr4	1975001	2000000	20
Chr4	2000001	2025000	21
Chr4	2025001	2050000	22
Chr4	2050001	2075000	26
Chr4	2075001	2100000	21
Chr4	2100001	2125000	18
Chr4	2125001	2150000	17
Chr4	2150001	2175000	18
Chr4	2175001	2200000	34
Chr4	2200001	2225000	30
Chr4	2225001	2250000	104
Chr4	2250001	2275000	93
Chr4	2275001	2300000	14
Chr4	2300001	2325000	8
Chr4	2325001	2350000	40
Chr4	2350001	2375000	7
Chr4	2375001	2400000	15
Chr4	2400001	2425000	25
Chr4	2425001	2450000	25
Chr4	2450001	2475000	32
Chr4	2475001	2500000	15
Chr4	2500001	2525000	37
Chr4	2525001	2550000	30
Chr4	2550001	2575000	16
Chr4	2575001	2600000	45
Chr4	2600001	2625000	23
Chr4	2625001	2650000	22
Chr4	2650001	2675000	19
Chr4	2675001	2700000	21
Chr4	2700001	2725000	13
Chr4	2725001	2750000	147
Chr4	2750001	2775000	70
Chr4	2775001	2800000	37
Chr4	2800001	2825000	74
Chr4	2825001	2850000	23
Chr4	2850001	2875000	15
Chr4	2875001	2900000	51
Chr4	2900001	2925000	28
Chr4	2925001	2950000	20
Chr4	2950001	2975000	13
Chr4	2975001	3000000	37
Chr4	3000001	3025000	43
Chr4	3025001	3050000	15
Chr4	3050001	3075000	16
Chr4	3075001	3100000	25
Chr4	3100001	3125000	10
Chr4	3125001	3150000	11
Chr4	3150001	3175000	55
Chr4	3175001	3200000	14
Chr4	3200001	3225000	23
Chr4	3225001	3250000	69
Chr4	3250001	3275000	68
Chr4	3275001	3300000	47
Chr4	3300001	3325000	45
Chr4	3325001	3350000	30
Chr4	3350001	3375000	46
Chr4	3375001	3400000	6
Chr4	3400001	3425000	0
Chr4	3425001	3450000	0
Chr4	3450001	3475000	0
Chr4	3475001	3500000	0
Chr4	3500001	3525000	0
Chr4	3525001	3550000	0
Chr4	3550001	3575000	1
Chr4	3575001	3600000	0
Chr4	3600001	3625000	0
Chr4	3625001	3650000	0
Chr4	3650001	3675000	0
Chr4	3675001	3700000	15
Chr4	3700001	3725000	27
Chr4	3725001	3750000	28
Chr4	3750001	3775000	35
Chr4	3775001	3800000	82
Chr4	3800001	3825000	55
Chr4	3825001	3850000	103
Chr4	3850001	3875000	195
Chr4	3875001	3900000	136
Chr4	3900001	3925000	101
Chr4	3925001	3950000	137
Chr4	3950001	3975000	172
Chr4	3975001	4000000	215
Chr4	4000001	4025000	117
Chr4	4025001	4050000	170
Chr4	4050001	4075000	322
Chr4	4075001	4100000	266
Chr4	4100001	4125000	360
Chr4	4125001	4150000	260
Chr4	4150001	4175000	109
Chr4	4175001	4200000	0
Chr4	4200001	4225000	0
Chr4	4225001	4250000	0
Chr4	4250001	4275000	0
Chr4	4275001	4300000	0
Chr4	4300001	4325000	0
Chr4	4325001	4350000	0
Chr4	4350001	4375000	0
Chr4	4375001	4400000	0
Chr4	4400001	4425000	0
Chr4	4425001	4450000	0
Chr4	4450001	4475000	8
Chr4	4475001	4500000	0
Chr4	4500001	4525000	0
Chr4	4525001	4550000	0
Chr4	4550001	4575000	0
Chr4	4575001	4600000	50
Chr4	4600001	4625000	0
Chr4	4625001	4650000	0
Chr4	4650001	4675000	1
Chr4	4675001	4700000	0
Chr4	4700001	4725000	0
Chr4	4725001	4750000	0
Chr4	4750001	4775000	0
Chr4	4775001	4800000	0
Chr4	4800001	4825000	0
Chr4	4825001	4850000	0
Chr4	4850001	4875000	0
Chr4	4875001	4900000	0
Chr4	4900001	4925000	0
Chr4	4925001	4950000	0
Chr4	4950001	4975000	0
Chr4	4975001	5000000	10
Chr4	5000001	5025000	32
Chr4	5025001	5050000	101
Chr4	5050001	5075000	365
Chr4	5075001	5100000	362
Chr4	5100001	5125000	0
Chr4	5125001	5150000	0
Chr4	5150001	5175000	0
Chr4	5175001	5200000	4
Chr4	5200001	5225000	0
Chr4	5225001	5250000	0
Chr4	5250001	5275000	0
Chr4	5275001	5300000	0
Chr4	5300001	5325000	3
Chr4	5325001	5350000	0
Chr4	5350001	5375000	0
Chr4	5375001	5400000	0
Chr4	5400001	5425000	0
Chr4	5425001	5450000	0
Chr4	5450001	5475000	0
Chr4	5475001	5500000	0
Chr4	5500001	5525000	0
Chr4	5525001	5550000	0
Chr4	5550001	5575000	0
Chr4	5575001	5600000	0
Chr4	5600001	5625000	6
Chr4	5625001	5650000	0
Chr4	5650001	5675000	0
Chr4	5675001	5700000	0
Chr4	5700001	5725000	4
Chr4	5725001	5750000	0
Chr4	5750001	5775000	0
Chr4	5775001	5800000	23
Chr4	5800001	5825000	183
Chr4	5825001	5850000	51
Chr4	5850001	5875000	37
Chr4	5875001	5900000	17
Chr4	5900001	5925000	5
Chr4	5925001	5950000	16
Chr4	5950001	5975000	28
Chr4	5975001	6000000	21
Chr4	6000001	6025000	34
Chr4	6025001	6050000	26
Chr4	6050001	6075000	10
Chr4	6075001	6100000	18
Chr4	6100001	6125000	19
Chr4	6125001	6150000	22
Chr4	6150001	6175000	30
Chr4	6175001	6200000	21
Chr4	6200001	6225000	62
Chr4	6225001	6250000	26
Chr4	6250001	6275000	39
Chr4	6275001	6300000	21
Chr4	6300001	6325000	41
Chr4	6325001	6350000	53
Chr4	6350001	6375000	29
Chr4	6375001	6400000	26
Chr4	6400001	6425000	64
Chr4	6425001	6450000	38
Chr4	6450001	6475000	28
Chr4	6475001	6500000	59
Chr4	6500001	6525000	19
Chr4	6525001	6550000	236
Chr4	6550001	6575000	49
Chr4	6575001	6600000	123
Chr4	6600001	6625000	468
Chr4	6625001	6650000	288
Chr4	6650001	6675000	54
Chr4	6675001	6700000	67
Chr4	6700001	6725000	112
Chr4	6725001	6750000	46
Chr4	6750001	6775000	51
Chr4	6775001	6800000	54
Chr4	6800001	6825000	91
Chr4	6825001	6850000	195
Chr4	6850001	6875000	34
Chr4	6875001	6900000	0
Chr4	6900001	6925000	0
Chr4	6925001	6950000	0
Chr4	6950001	6975000	0
Chr4	6975001	7000000	0
Chr4	7000001	7025000	0
Chr4	7025001	7050000	1
Chr4	7050001	7075000	0
Chr4	7075001	7100000	0
Chr4	7100001	7125000	0
Chr4	7125001	7150000	0
Chr4	7150001	7175000	0
Chr4	7175001	7200000	0
Chr4	7200001	7225000	0
Chr4	7225001	7250000	0
Chr4	7250001	7275000	0
Chr4	7275001	7300000	0
Chr4	7300001	7325000	0
Chr4	7325001	7350000	140
Chr4	7350001	7375000	416
Chr4	7375001	7400000	166
Chr4	7400001	7425000	141
Chr4	7425001	7450000	158
Chr4	7450001	7475000	365
Chr4	7475001	7500000	510
Chr4	7500001	7525000	538
Chr4	7525001	7550000	457
Chr4	7550001	7575000	624
Chr4	7575001	7600000	304
Chr4	7600001	7625000	306
Chr4	7625001	7650000	507
Chr4	7650001	7675000	491
Chr4	7675001	7700000	272
Chr4	7700001	7725000	246
Chr4	7725001	7750000	110
Chr4	7750001	7775000	326
Chr4	7775001	7800000	88
Chr4	7800001	7825000	107
Chr4	7825001	7850000	115
Chr4	7850001	7875000	85
Chr4	7875001	7900000	144
Chr4	7900001	7925000	138
Chr4	7925001	7950000	118
Chr4	7950001	7975000	550
Chr4	7975001	8000000	385
Chr4	8000001	8025000	286
Chr4	8025001	8050000	0
Chr4	8050001	8075000	0
Chr4	8075001	8100000	0
Chr4	8100001	8125000	0
Chr4	8125001	8150000	0
Chr4	8150001	8175000	0
Chr4	8175001	8200000	0
Chr4	8200001	8225000	0
Chr4	8225001	8250000	0
Chr4	8250001	8275000	0
Chr4	8275001	8300000	0
Chr4	8300001	8325000	0
Chr4	8325001	8350000	0
Chr4	8350001	8375000	0
Chr4	8375001	8400000	0
Chr4	8400001	8425000	0
Chr4	8425001	8450000	0
Chr4	8450001	8475000	0
Chr4	8475001	8500000	0
Chr4	8500001	8525000	0
Chr4	8525001	8550000	0
Chr4	8550001	8575000	0
Chr4	8575001	8600000	0
Chr4	8600001	8625000	0
Chr4	8625001	8650000	0
Chr4	8650001	8675000	0
Chr4	8675001	8700000	0
Chr4	8700001	8725000	0
Chr4	8725001	8750000	0
Chr4	8750001	8775000	0
Chr4	8775001	8800000	0
Chr4	8800001	8825000	0
Chr4	8825001	8850000	0
Chr4	8850001	8875000	0
Chr4	8875001	8900000	0
Chr4	8900001	8925000	0
Chr4	8925001	8950000	0
Chr4	8950001	8975000	0
Chr4	8975001	9000000	0
Chr4	9000001	9025000	0
Chr4	9025001	9050000	0
Chr4	9050001	9075000	0
Chr4	9075001	9100000	0
Chr4	9100001	9125000	0
Chr4	9125001	9150000	0
Chr4	9150001	9175000	0
Chr4	9175001	9200000	0
Chr4	9200001	9225000	0
Chr4	9225001	9250000	0
Chr4	9250001	9275000	0
Chr4	9275001	9300000	0
Chr4	9300001	9325000	0
Chr4	9325001	9350000	0
Chr4	9350001	9375000	0
Chr4	9375001	9400000	4
Chr4	9400001	9425000	0
