Chr1	1	25000	44
Chr1	25001	50000	217
Chr1	50001	75000	149
Chr1	75001	100000	171
Chr1	100001	125000	271
Chr1	125001	150000	170
Chr1	150001	175000	151
Chr1	175001	200000	24
Chr1	200001	225000	198
Chr1	225001	250000	196
Chr1	250001	275000	273
Chr1	275001	300000	255
Chr1	300001	325000	201
Chr1	325001	350000	540
Chr1	350001	375000	228
Chr1	375001	400000	135
Chr1	400001	425000	79
Chr1	425001	450000	179
Chr1	450001	475000	155
Chr1	475001	500000	106
Chr1	500001	525000	201
Chr1	525001	550000	248
Chr1	550001	575000	87
Chr1	575001	600000	74
Chr1	600001	625000	66
Chr1	625001	650000	80
Chr1	650001	675000	159
Chr1	675001	700000	70
Chr1	700001	725000	34
Chr1	725001	750000	155
Chr1	750001	775000	81
Chr1	775001	800000	70
Chr1	800001	825000	55
Chr1	825001	850000	29
Chr1	850001	875000	20
Chr1	875001	900000	19
Chr1	900001	925000	13
Chr1	925001	950000	34
Chr1	950001	975000	41
Chr1	975001	1000000	41
Chr1	1000001	1025000	47
Chr1	1025001	1050000	40
Chr1	1050001	1075000	20
Chr1	1075001	1100000	26
Chr1	1100001	1125000	20
Chr1	1125001	1150000	31
Chr1	1150001	1175000	38
Chr1	1175001	1200000	35
Chr1	1200001	1225000	24
Chr1	1225001	1250000	27
Chr1	1250001	1275000	30
Chr1	1275001	1300000	16
Chr1	1300001	1325000	13
Chr1	1325001	1350000	30
Chr1	1350001	1375000	48
Chr1	1375001	1400000	55
Chr1	1400001	1425000	44
Chr1	1425001	1450000	60
Chr1	1450001	1475000	27
Chr1	1475001	1500000	18
Chr1	1500001	1525000	16
Chr1	1525001	1550000	25
Chr1	1550001	1575000	13
Chr1	1575001	1600000	10
Chr1	1600001	1625000	13
Chr1	1625001	1650000	17
Chr1	1650001	1675000	14
Chr1	1675001	1700000	17
Chr1	1700001	1725000	15
Chr1	1725001	1750000	17
Chr1	1750001	1775000	11
Chr1	1775001	1800000	19
Chr1	1800001	1825000	15
Chr1	1825001	1850000	24
Chr1	1850001	1875000	22
Chr1	1875001	1900000	15
Chr1	1900001	1925000	14
Chr1	1925001	1950000	10
Chr1	1950001	1975000	5
Chr1	1975001	2000000	9
Chr1	2000001	2025000	11
Chr1	2025001	2050000	17
Chr1	2050001	2075000	19
Chr1	2075001	2100000	12
Chr1	2100001	2125000	35
Chr1	2125001	2150000	33
Chr1	2150001	2175000	20
Chr1	2175001	2200000	22
Chr1	2200001	2225000	25
Chr1	2225001	2250000	17
Chr1	2250001	2275000	12
Chr1	2275001	2300000	42
Chr1	2300001	2325000	40
Chr1	2325001	2350000	19
Chr1	2350001	2375000	26
Chr1	2375001	2400000	24
Chr1	2400001	2425000	54
Chr1	2425001	2450000	23
Chr1	2450001	2475000	23
Chr1	2475001	2500000	34
Chr1	2500001	2525000	15
Chr1	2525001	2550000	28
Chr1	2550001	2575000	29
Chr1	2575001	2600000	49
Chr1	2600001	2625000	33
Chr1	2625001	2650000	29
Chr1	2650001	2675000	11
Chr1	2675001	2700000	17
Chr1	2700001	2725000	33
Chr1	2725001	2750000	26
Chr1	2750001	2775000	17
Chr1	2775001	2800000	24
Chr1	2800001	2825000	12
Chr1	2825001	2850000	34
Chr1	2850001	2875000	36
Chr1	2875001	2900000	10
Chr1	2900001	2925000	13
Chr1	2925001	2950000	13
Chr1	2950001	2975000	9
Chr1	2975001	3000000	13
Chr1	3000001	3025000	11
Chr1	3025001	3050000	24
Chr1	3050001	3075000	15
Chr1	3075001	3100000	20
Chr1	3100001	3125000	39
Chr1	3125001	3150000	50
Chr1	3150001	3175000	40
Chr1	3175001	3200000	54
Chr1	3200001	3225000	50
Chr1	3225001	3250000	65
Chr1	3250001	3275000	40
Chr1	3275001	3300000	35
Chr1	3300001	3325000	22
Chr1	3325001	3350000	26
Chr1	3350001	3375000	20
Chr1	3375001	3400000	19
Chr1	3400001	3425000	26
Chr1	3425001	3450000	20
Chr1	3450001	3475000	50
Chr1	3475001	3500000	24
Chr1	3500001	3525000	12
Chr1	3525001	3550000	11
Chr1	3550001	3575000	31
Chr1	3575001	3600000	34
Chr1	3600001	3625000	37
Chr1	3625001	3650000	34
Chr1	3650001	3675000	8
Chr1	3675001	3700000	16
Chr1	3700001	3725000	4
Chr1	3725001	3750000	8
Chr1	3750001	3775000	20
Chr1	3775001	3800000	34
Chr1	3800001	3825000	29
Chr1	3825001	3850000	28
Chr1	3850001	3875000	36
Chr1	3875001	3900000	50
Chr1	3900001	3925000	54
Chr1	3925001	3950000	47
Chr1	3950001	3975000	30
Chr1	3975001	4000000	16
Chr1	4000001	4025000	16
Chr1	4025001	4050000	9
Chr1	4050001	4075000	12
Chr1	4075001	4100000	2
Chr1	4100001	4125000	2
Chr1	4125001	4150000	5
Chr1	4150001	4175000	2
Chr1	4175001	4200000	1
Chr1	4200001	4225000	3
Chr1	4225001	4250000	2
Chr1	4250001	4275000	1
Chr1	4275001	4300000	1
Chr1	4300001	4325000	3
Chr1	4325001	4350000	5
Chr1	4350001	4375000	2
Chr1	4375001	4400000	5
Chr1	4400001	4425000	0
Chr1	4425001	4450000	2
Chr1	4450001	4475000	2
Chr1	4475001	4500000	1
Chr1	4500001	4525000	1
Chr1	4525001	4550000	1
Chr1	4550001	4575000	2
Chr1	4575001	4600000	4
Chr1	4600001	4625000	5
Chr1	4625001	4650000	3
Chr1	4650001	4675000	2
Chr1	4675001	4700000	2
Chr1	4700001	4725000	4
Chr1	4725001	4750000	2
Chr1	4750001	4775000	7
Chr1	4775001	4800000	0
Chr1	4800001	4825000	10
Chr1	4825001	4850000	5
Chr1	4850001	4875000	2
Chr1	4875001	4900000	3
Chr1	4900001	4925000	5
Chr1	4925001	4950000	3
Chr1	4950001	4975000	5
Chr1	4975001	5000000	7
Chr1	5000001	5025000	11
Chr1	5025001	5050000	2
Chr1	5050001	5075000	5
Chr1	5075001	5100000	4
Chr1	5100001	5125000	1
Chr1	5125001	5150000	1
Chr1	5150001	5175000	0
Chr1	5175001	5200000	0
Chr1	5200001	5225000	3
Chr1	5225001	5250000	0
Chr1	5250001	5275000	3
Chr1	5275001	5300000	0
Chr1	5300001	5325000	5
Chr1	5325001	5350000	17
Chr1	5350001	5375000	29
Chr1	5375001	5400000	65
Chr1	5400001	5425000	10
Chr1	5425001	5450000	8
Chr1	5450001	5475000	1
Chr1	5475001	5500000	1
Chr1	5500001	5525000	6
Chr1	5525001	5550000	68
Chr1	5550001	5575000	27
Chr1	5575001	5600000	84
Chr1	5600001	5625000	75
Chr1	5625001	5650000	93
Chr1	5650001	5675000	119
Chr1	5675001	5700000	144
Chr1	5700001	5725000	140
Chr1	5725001	5750000	166
Chr1	5750001	5775000	281
Chr1	5775001	5800000	163
Chr1	5800001	5825000	223
Chr1	5825001	5850000	183
Chr1	5850001	5875000	95
Chr1	5875001	5900000	116
Chr1	5900001	5925000	217
Chr1	5925001	5950000	104
Chr1	5950001	5975000	121
Chr1	5975001	6000000	133
Chr1	6000001	6025000	97
Chr1	6025001	6050000	86
Chr1	6050001	6075000	63
Chr1	6075001	6100000	32
Chr1	6100001	6125000	56
Chr1	6125001	6150000	51
Chr1	6150001	6175000	44
Chr1	6175001	6200000	31
Chr1	6200001	6225000	17
Chr1	6225001	6250000	26
Chr1	6250001	6275000	16
Chr1	6275001	6300000	30
Chr1	6300001	6325000	36
Chr1	6325001	6350000	30
Chr1	6350001	6375000	31
Chr1	6375001	6400000	40
Chr1	6400001	6425000	25
Chr1	6425001	6450000	30
Chr1	6450001	6475000	16
Chr1	6475001	6500000	13
Chr1	6500001	6525000	10
Chr1	6525001	6550000	53
Chr1	6550001	6575000	32
Chr1	6575001	6600000	31
Chr1	6600001	6625000	38
Chr1	6625001	6650000	65
Chr1	6650001	6675000	182
Chr1	6675001	6700000	87
Chr1	6700001	6725000	38
Chr1	6725001	6750000	57
Chr1	6750001	6775000	25
Chr1	6775001	6800000	41
Chr1	6800001	6825000	34
Chr1	6825001	6850000	50
Chr1	6850001	6875000	46
Chr1	6875001	6900000	34
Chr1	6900001	6925000	67
Chr1	6925001	6950000	122
Chr1	6950001	6975000	146
Chr1	6975001	7000000	70
Chr1	7000001	7025000	139
Chr1	7025001	7050000	128
Chr1	7050001	7075000	140
Chr1	7075001	7100000	242
Chr1	7100001	7125000	133
Chr1	7125001	7150000	145
Chr1	7150001	7175000	184
Chr1	7175001	7200000	195
Chr1	7200001	7225000	211
Chr1	7225001	7250000	118
Chr1	7250001	7275000	82
Chr1	7275001	7300000	231
Chr1	7300001	7325000	176
Chr1	7325001	7350000	112
Chr1	7350001	7375000	191
Chr1	7375001	7400000	210
Chr1	7400001	7425000	126
Chr1	7425001	7450000	176
Chr1	7450001	7475000	134
Chr1	7475001	7500000	96
Chr1	7500001	7525000	156
Chr1	7525001	7550000	132
Chr1	7550001	7575000	205
Chr1	7575001	7600000	419
Chr1	7600001	7625000	216
Chr1	7625001	7650000	369
Chr1	7650001	7675000	126
Chr1	7675001	7700000	163
Chr1	7700001	7725000	226
Chr1	7725001	7750000	62
Chr1	7750001	7775000	271
Chr1	7775001	7800000	117
Chr1	7800001	7825000	80
Chr1	7825001	7850000	88
Chr1	7850001	7875000	83
Chr1	7875001	7900000	104
Chr1	7900001	7925000	59
Chr1	7925001	7950000	15
Chr1	7950001	7975000	38
Chr1	7975001	8000000	9
Chr1	8000001	8025000	19
Chr1	8025001	8050000	23
Chr1	8050001	8075000	12
Chr1	8075001	8100000	26
Chr1	8100001	8125000	19
Chr1	8125001	8150000	26
Chr1	8150001	8175000	37
Chr1	8175001	8200000	19
Chr1	8200001	8225000	32
Chr1	8225001	8250000	26
Chr1	8250001	8275000	35
Chr1	8275001	8300000	20
Chr1	8300001	8325000	42
Chr1	8325001	8350000	41
Chr1	8350001	8375000	33
Chr1	8375001	8400000	55
Chr1	8400001	8425000	90
Chr1	8425001	8450000	98
Chr1	8450001	8475000	45
Chr1	8475001	8500000	41
Chr1	8500001	8525000	44
Chr1	8525001	8550000	59
Chr1	8550001	8575000	17
Chr1	8575001	8600000	28
Chr1	8600001	8625000	50
Chr1	8625001	8650000	31
Chr1	8650001	8675000	25
Chr1	8675001	8700000	34
Chr1	8700001	8725000	22
Chr1	8725001	8750000	43
Chr1	8750001	8775000	43
Chr1	8775001	8800000	23
Chr1	8800001	8825000	33
Chr1	8825001	8850000	35
Chr1	8850001	8875000	23
Chr1	8875001	8900000	31
Chr1	8900001	8925000	24
Chr1	8925001	8950000	17
Chr1	8950001	8975000	195
Chr1	8975001	9000000	426
Chr1	9000001	9025000	283
Chr1	9025001	9050000	18
Chr1	9050001	9075000	20
Chr1	9075001	9100000	25
Chr1	9100001	9125000	29
Chr1	9125001	9150000	7
Chr1	9150001	9175000	13
Chr1	9175001	9200000	24
Chr1	9200001	9225000	14
Chr1	9225001	9250000	19
Chr1	9250001	9275000	18
Chr1	9275001	9300000	13
Chr1	9300001	9325000	15
Chr1	9325001	9350000	17
Chr1	9350001	9375000	20
Chr1	9375001	9400000	21
Chr1	9400001	9425000	20
Chr1	9425001	9450000	8
Chr1	9450001	9475000	18
Chr1	9475001	9500000	26
Chr1	9500001	9525000	27
Chr1	9525001	9550000	24
Chr1	9550001	9575000	21
Chr1	9575001	9600000	40
Chr1	9600001	9625000	34
Chr1	9625001	9650000	36
Chr1	9650001	9675000	18
Chr1	9675001	9700000	11
Chr1	9700001	9725000	25
Chr1	9725001	9750000	16
Chr1	9750001	9775000	18
Chr1	9775001	9800000	39
Chr1	9800001	9825000	15
Chr1	9825001	9850000	7
Chr1	9850001	9875000	20
Chr1	9875001	9900000	17
Chr1	9900001	9925000	12
Chr1	9925001	9950000	14
Chr1	9950001	9975000	25
Chr1	9975001	10000000	21
Chr1	10000001	10025000	29
Chr1	10025001	10050000	29
Chr1	10050001	10075000	34
Chr1	10075001	10100000	57
Chr1	10100001	10125000	35
Chr1	10125001	10150000	10
Chr1	10150001	10175000	7
Chr1	10175001	10200000	21
Chr1	10200001	10225000	14
Chr1	10225001	10250000	14
Chr1	10250001	10275000	8
Chr1	10275001	10300000	21
Chr1	10300001	10325000	27
Chr1	10325001	10350000	27
Chr1	10350001	10375000	22
Chr1	10375001	10400000	26
Chr1	10400001	10425000	31
Chr1	10425001	10450000	14
Chr1	10450001	10475000	19
Chr1	10475001	10500000	58
Chr1	10500001	10525000	78
Chr1	10525001	10550000	48
Chr1	10550001	10575000	113
Chr1	10575001	10600000	34
Chr1	10600001	10625000	44
Chr1	10625001	10650000	29
Chr1	10650001	10675000	47
Chr1	10675001	10700000	70
Chr1	10700001	10725000	35
Chr1	10725001	10750000	47
Chr1	10750001	10775000	89
Chr1	10775001	10800000	96
Chr1	10800001	10825000	41
Chr1	10825001	10850000	23
Chr1	10850001	10875000	139
Chr1	10875001	10900000	210
Chr1	10900001	10925000	328
Chr1	10925001	10950000	125
Chr1	10950001	10975000	114
Chr1	10975001	11000000	156
Chr1	11000001	11025000	204
Chr1	11025001	11050000	152
Chr1	11050001	11075000	191
Chr1	11075001	11100000	281
Chr1	11100001	11125000	116
Chr1	11125001	11150000	110
Chr1	11150001	11175000	57
Chr1	11175001	11200000	80
Chr1	11200001	11225000	190
Chr1	11225001	11250000	68
Chr1	11250001	11275000	19
Chr1	11275001	11300000	3
Chr1	11300001	11325000	2
Chr1	11325001	11350000	0
Chr1	11350001	11375000	2
Chr1	11375001	11400000	10
Chr1	11400001	11425000	82
Chr1	11425001	11450000	279
Chr1	11450001	11475000	91
Chr1	11475001	11500000	259
Chr1	11500001	11525000	359
Chr1	11525001	11550000	331
Chr1	11550001	11575000	254
Chr1	11575001	11600000	264
Chr1	11600001	11625000	215
Chr1	11625001	11650000	167
Chr1	11650001	11675000	32
Chr1	11675001	11700000	26
Chr1	11700001	11725000	33
Chr1	11725001	11750000	77
Chr1	11750001	11775000	178
Chr2	1	25000	128
Chr2	25001	50000	115
Chr2	50001	75000	115
Chr2	75001	100000	136
Chr2	100001	125000	181
Chr2	125001	150000	199
Chr2	150001	175000	206
Chr2	175001	200000	276
Chr2	200001	225000	333
Chr2	225001	250000	382
Chr2	250001	275000	205
Chr2	275001	300000	329
Chr2	300001	325000	232
Chr2	325001	350000	344
Chr2	350001	375000	137
Chr2	375001	400000	227
Chr2	400001	425000	168
Chr2	425001	450000	461
Chr2	450001	475000	267
Chr2	475001	500000	239
Chr2	500001	525000	330
Chr2	525001	550000	307
Chr2	550001	575000	259
Chr2	575001	600000	316
Chr2	600001	625000	186
Chr2	625001	650000	239
Chr2	650001	675000	234
Chr2	675001	700000	75
Chr2	700001	725000	86
Chr2	725001	750000	2
Chr2	750001	775000	11
Chr2	775001	800000	166
Chr2	800001	825000	139
Chr2	825001	850000	234
Chr2	850001	875000	57
Chr2	875001	900000	73
Chr2	900001	925000	137
Chr2	925001	950000	106
Chr2	950001	975000	8
Chr2	975001	1000000	3
Chr2	1000001	1025000	1
Chr2	1025001	1050000	24
Chr2	1050001	1075000	46
Chr2	1075001	1100000	69
Chr2	1100001	1125000	59
Chr2	1125001	1150000	24
Chr2	1150001	1175000	63
Chr2	1175001	1200000	44
Chr2	1200001	1225000	20
Chr2	1225001	1250000	20
Chr2	1250001	1275000	12
Chr2	1275001	1300000	16
Chr2	1300001	1325000	15
Chr2	1325001	1350000	7
Chr2	1350001	1375000	15
Chr2	1375001	1400000	29
Chr2	1400001	1425000	20
Chr2	1425001	1450000	31
Chr2	1450001	1475000	25
Chr2	1475001	1500000	26
Chr2	1500001	1525000	24
Chr2	1525001	1550000	13
Chr2	1550001	1575000	8
Chr2	1575001	1600000	8
Chr2	1600001	1625000	15
Chr2	1625001	1650000	16
Chr2	1650001	1675000	15
Chr2	1675001	1700000	11
Chr2	1700001	1725000	21
Chr2	1725001	1750000	12
Chr2	1750001	1775000	1
Chr2	1775001	1800000	1
Chr2	1800001	1825000	1
Chr2	1825001	1850000	3
Chr2	1850001	1875000	0
Chr2	1875001	1900000	1
Chr2	1900001	1925000	0
Chr2	1925001	1950000	1
Chr2	1950001	1975000	4
Chr2	1975001	2000000	0
Chr2	2000001	2025000	3
Chr2	2025001	2050000	2
Chr2	2050001	2075000	3
Chr2	2075001	2100000	1
Chr2	2100001	2125000	1
Chr2	2125001	2150000	3
Chr2	2150001	2175000	1
Chr2	2175001	2200000	2
Chr2	2200001	2225000	0
Chr2	2225001	2250000	0
Chr2	2250001	2275000	1
Chr2	2275001	2300000	2
Chr2	2300001	2325000	2
Chr2	2325001	2350000	2
Chr2	2350001	2375000	0
Chr2	2375001	2400000	3
Chr2	2400001	2425000	1
Chr2	2425001	2450000	1
Chr2	2450001	2475000	0
Chr2	2475001	2500000	20
Chr2	2500001	2525000	39
Chr2	2525001	2550000	32
Chr2	2550001	2575000	42
Chr2	2575001	2600000	34
Chr2	2600001	2625000	40
Chr2	2625001	2650000	59
Chr2	2650001	2675000	31
Chr2	2675001	2700000	10
Chr2	2700001	2725000	4
Chr2	2725001	2750000	4
Chr2	2750001	2775000	2
Chr2	2775001	2800000	18
Chr2	2800001	2825000	75
Chr2	2825001	2850000	139
Chr2	2850001	2875000	131
Chr2	2875001	2900000	118
Chr2	2900001	2925000	190
Chr2	2925001	2950000	76
Chr2	2950001	2975000	45
Chr2	2975001	3000000	23
Chr2	3000001	3025000	11
Chr2	3025001	3050000	1
Chr2	3050001	3075000	7
Chr2	3075001	3100000	36
Chr2	3100001	3125000	12
Chr2	3125001	3150000	7
Chr2	3150001	3175000	13
Chr2	3175001	3200000	23
Chr2	3200001	3225000	19
Chr2	3225001	3250000	21
Chr2	3250001	3275000	56
Chr2	3275001	3300000	347
Chr2	3300001	3325000	250
Chr2	3325001	3350000	57
Chr2	3350001	3375000	22
Chr2	3375001	3400000	15
Chr2	3400001	3425000	20
Chr2	3425001	3450000	24
Chr2	3450001	3475000	35
Chr2	3475001	3500000	45
Chr2	3500001	3525000	71
Chr2	3525001	3550000	63
Chr2	3550001	3575000	111
Chr2	3575001	3600000	74
Chr2	3600001	3625000	15
Chr2	3625001	3650000	11
Chr2	3650001	3675000	60
Chr2	3675001	3700000	157
Chr2	3700001	3725000	72
Chr2	3725001	3750000	2
Chr2	3750001	3775000	77
Chr2	3775001	3800000	48
Chr2	3800001	3825000	88
Chr2	3825001	3850000	122
Chr2	3850001	3875000	155
Chr2	3875001	3900000	142
Chr2	3900001	3925000	48
Chr2	3925001	3950000	120
Chr2	3950001	3975000	175
Chr2	3975001	4000000	133
Chr2	4000001	4025000	157
Chr2	4025001	4050000	135
Chr2	4050001	4075000	122
Chr2	4075001	4100000	98
Chr2	4100001	4125000	221
Chr2	4125001	4150000	197
Chr2	4150001	4175000	307
Chr2	4175001	4200000	211
Chr2	4200001	4225000	170
Chr2	4225001	4250000	285
Chr2	4250001	4275000	100
Chr2	4275001	4300000	34
Chr2	4300001	4325000	61
Chr2	4325001	4350000	114
Chr2	4350001	4375000	20
Chr2	4375001	4400000	112
Chr2	4400001	4425000	124
Chr2	4425001	4450000	52
Chr2	4450001	4475000	175
Chr2	4475001	4500000	246
Chr2	4500001	4525000	138
Chr2	4525001	4550000	120
Chr2	4550001	4575000	82
Chr2	4575001	4600000	140
Chr2	4600001	4625000	83
Chr2	4625001	4650000	135
Chr2	4650001	4675000	122
Chr2	4675001	4700000	142
Chr2	4700001	4725000	172
Chr2	4725001	4750000	143
Chr2	4750001	4775000	139
Chr2	4775001	4800000	108
Chr2	4800001	4825000	110
Chr2	4825001	4850000	147
Chr2	4850001	4875000	162
Chr2	4875001	4900000	55
Chr2	4900001	4925000	165
Chr2	4925001	4950000	124
Chr2	4950001	4975000	216
Chr2	4975001	5000000	302
Chr2	5000001	5025000	90
Chr2	5025001	5050000	108
Chr2	5050001	5075000	75
Chr2	5075001	5100000	79
Chr2	5100001	5125000	128
Chr2	5125001	5150000	119
Chr2	5150001	5175000	145
Chr2	5175001	5200000	116
Chr2	5200001	5225000	106
Chr2	5225001	5250000	118
Chr2	5250001	5275000	126
Chr2	5275001	5300000	148
Chr2	5300001	5325000	102
Chr2	5325001	5350000	134
Chr2	5350001	5375000	113
Chr2	5375001	5400000	142
Chr2	5400001	5425000	96
Chr2	5425001	5450000	74
Chr2	5450001	5475000	116
Chr2	5475001	5500000	98
Chr2	5500001	5525000	100
Chr2	5525001	5550000	95
Chr2	5550001	5575000	129
Chr2	5575001	5600000	154
Chr2	5600001	5625000	123
Chr2	5625001	5650000	115
Chr2	5650001	5675000	155
Chr2	5675001	5700000	124
Chr2	5700001	5725000	114
Chr2	5725001	5750000	123
Chr2	5750001	5775000	82
Chr2	5775001	5800000	129
Chr2	5800001	5825000	98
Chr2	5825001	5850000	97
Chr2	5850001	5875000	110
Chr2	5875001	5900000	92
Chr2	5900001	5925000	106
Chr2	5925001	5950000	115
Chr2	5950001	5975000	147
Chr2	5975001	6000000	97
Chr2	6000001	6025000	179
Chr2	6025001	6050000	136
Chr2	6050001	6075000	173
Chr2	6075001	6100000	135
Chr2	6100001	6125000	192
Chr2	6125001	6150000	295
Chr2	6150001	6175000	152
Chr2	6175001	6200000	122
Chr2	6200001	6225000	88
Chr2	6225001	6250000	136
Chr2	6250001	6275000	177
Chr2	6275001	6300000	134
Chr2	6300001	6325000	103
Chr2	6325001	6350000	108
Chr2	6350001	6375000	86
Chr2	6375001	6400000	70
Chr2	6400001	6425000	127
Chr2	6425001	6450000	103
Chr2	6450001	6475000	104
Chr2	6475001	6500000	109
Chr2	6500001	6525000	95
Chr2	6525001	6550000	65
Chr2	6550001	6575000	72
Chr2	6575001	6600000	77
Chr2	6600001	6625000	50
Chr2	6625001	6650000	117
Chr2	6650001	6675000	99
Chr2	6675001	6700000	1
Chr2	6700001	6725000	2
Chr2	6725001	6750000	2
Chr2	6750001	6775000	3
Chr2	6775001	6800000	0
Chr2	6800001	6825000	2
Chr2	6825001	6850000	3
Chr2	6850001	6875000	2
Chr2	6875001	6900000	0
Chr2	6900001	6925000	3
Chr2	6925001	6950000	0
Chr2	6950001	6975000	1
Chr2	6975001	7000000	1
Chr2	7000001	7025000	0
Chr2	7025001	7050000	0
Chr2	7050001	7075000	1
Chr2	7075001	7100000	1
Chr2	7100001	7125000	3
Chr2	7125001	7150000	3
Chr2	7150001	7175000	2
Chr2	7175001	7200000	3
Chr2	7200001	7225000	0
Chr2	7225001	7250000	1
Chr2	7250001	7275000	1
Chr2	7275001	7300000	0
Chr2	7300001	7325000	1
Chr2	7325001	7350000	1
Chr2	7350001	7375000	1
Chr2	7375001	7400000	4
Chr2	7400001	7425000	2
Chr2	7425001	7450000	0
Chr2	7450001	7475000	0
Chr2	7475001	7500000	0
Chr2	7500001	7525000	1
Chr2	7525001	7550000	2
Chr2	7550001	7575000	0
Chr2	7575001	7600000	2
Chr2	7600001	7625000	97
Chr2	7625001	7650000	17
Chr2	7650001	7675000	21
Chr2	7675001	7700000	34
Chr2	7700001	7725000	42
Chr2	7725001	7750000	15
Chr2	7750001	7775000	13
Chr2	7775001	7800000	23
Chr2	7800001	7825000	81
Chr2	7825001	7850000	177
Chr2	7850001	7875000	184
Chr2	7875001	7900000	32
Chr2	7900001	7925000	41
Chr2	7925001	7950000	20
Chr2	7950001	7975000	22
Chr2	7975001	8000000	16
Chr2	8000001	8025000	63
Chr2	8025001	8050000	55
Chr2	8050001	8075000	47
Chr2	8075001	8100000	60
Chr2	8100001	8125000	61
Chr2	8125001	8150000	60
Chr2	8150001	8175000	37
Chr2	8175001	8200000	50
Chr2	8200001	8225000	242
Chr2	8225001	8250000	166
Chr2	8250001	8275000	170
Chr2	8275001	8300000	344
Chr2	8300001	8325000	377
Chr2	8325001	8350000	309
Chr2	8350001	8375000	258
Chr2	8375001	8400000	219
Chr2	8400001	8425000	125
Chr2	8425001	8450000	115
Chr2	8450001	8475000	141
Chr2	8475001	8500000	201
Chr2	8500001	8525000	218
Chr2	8525001	8550000	226
Chr2	8550001	8575000	309
Chr2	8575001	8600000	335
Chr2	8600001	8625000	259
Chr2	8625001	8650000	141
Chr2	8650001	8675000	160
Chr2	8675001	8700000	246
Chr2	8700001	8725000	248
Chr2	8725001	8750000	211
Chr2	8750001	8775000	93
Chr2	8775001	8800000	72
Chr2	8800001	8825000	244
Chr2	8825001	8850000	181
Chr2	8850001	8875000	171
Chr2	8875001	8900000	258
Chr2	8900001	8925000	256
Chr2	8925001	8950000	1
Chr2	8950001	8975000	5
Chr2	8975001	9000000	23
Chr3	1	25000	113
Chr3	25001	50000	209
Chr3	50001	75000	194
Chr3	75001	100000	282
Chr3	100001	125000	128
Chr3	125001	150000	8
Chr3	150001	175000	86
Chr3	175001	200000	77
Chr3	200001	225000	174
Chr3	225001	250000	125
Chr3	250001	275000	60
Chr3	275001	300000	27
Chr3	300001	325000	1
Chr3	325001	350000	1
Chr3	350001	375000	0
Chr3	375001	400000	0
Chr3	400001	425000	161
Chr3	425001	450000	245
Chr3	450001	475000	215
Chr3	475001	500000	189
Chr3	500001	525000	183
Chr3	525001	550000	82
Chr3	550001	575000	28
Chr3	575001	600000	17
Chr3	600001	625000	23
Chr3	625001	650000	32
Chr3	650001	675000	37
Chr3	675001	700000	20
Chr3	700001	725000	6
Chr3	725001	750000	18
Chr3	750001	775000	26
Chr3	775001	800000	15
Chr3	800001	825000	21
Chr3	825001	850000	16
Chr3	850001	875000	21
Chr3	875001	900000	28
Chr3	900001	925000	22
Chr3	925001	950000	31
Chr3	950001	975000	20
Chr3	975001	1000000	11
Chr3	1000001	1025000	24
Chr3	1025001	1050000	14
Chr3	1050001	1075000	21
Chr3	1075001	1100000	28
Chr3	1100001	1125000	22
Chr3	1125001	1150000	18
Chr3	1150001	1175000	8
Chr3	1175001	1200000	1
Chr3	1200001	1225000	0
Chr3	1225001	1250000	1
Chr3	1250001	1275000	4
Chr3	1275001	1300000	1
Chr3	1300001	1325000	0
Chr3	1325001	1350000	1
Chr3	1350001	1375000	0
Chr3	1375001	1400000	26
Chr3	1400001	1425000	14
Chr3	1425001	1450000	25
Chr3	1450001	1475000	17
Chr3	1475001	1500000	16
Chr3	1500001	1525000	18
Chr3	1525001	1550000	26
Chr3	1550001	1575000	16
Chr3	1575001	1600000	25
Chr3	1600001	1625000	14
Chr3	1625001	1650000	11
Chr3	1650001	1675000	16
Chr3	1675001	1700000	39
Chr3	1700001	1725000	7
Chr3	1725001	1750000	1
Chr3	1750001	1775000	9
Chr3	1775001	1800000	1
Chr3	1800001	1825000	6
Chr3	1825001	1850000	2
Chr3	1850001	1875000	0
Chr3	1875001	1900000	1
Chr3	1900001	1925000	0
Chr3	1925001	1950000	4
Chr3	1950001	1975000	3
Chr3	1975001	2000000	0
Chr3	2000001	2025000	1
Chr3	2025001	2050000	0
Chr3	2050001	2075000	4
Chr3	2075001	2100000	0
Chr3	2100001	2125000	1
Chr3	2125001	2150000	1
Chr3	2150001	2175000	1
Chr3	2175001	2200000	3
Chr3	2200001	2225000	1
Chr3	2225001	2250000	0
Chr3	2250001	2275000	0
Chr3	2275001	2300000	1
Chr3	2300001	2325000	2
Chr3	2325001	2350000	1
Chr3	2350001	2375000	3
Chr3	2375001	2400000	1
Chr3	2400001	2425000	0
Chr3	2425001	2450000	0
Chr3	2450001	2475000	13
Chr3	2475001	2500000	0
Chr3	2500001	2525000	0
Chr3	2525001	2550000	1
Chr3	2550001	2575000	1
Chr3	2575001	2600000	1
Chr3	2600001	2625000	2
Chr3	2625001	2650000	1
Chr3	2650001	2675000	2
Chr3	2675001	2700000	0
Chr3	2700001	2725000	1
Chr3	2725001	2750000	1
Chr3	2750001	2775000	3
Chr3	2775001	2800000	0
Chr3	2800001	2825000	2
Chr3	2825001	2850000	1
Chr3	2850001	2875000	0
Chr3	2875001	2900000	1
Chr3	2900001	2925000	2
Chr3	2925001	2950000	1
Chr3	2950001	2975000	0
Chr3	2975001	3000000	1
Chr3	3000001	3025000	6
Chr3	3025001	3050000	0
Chr3	3050001	3075000	4
Chr3	3075001	3100000	17
Chr3	3100001	3125000	31
Chr3	3125001	3150000	47
Chr3	3150001	3175000	42
Chr3	3175001	3200000	14
Chr3	3200001	3225000	7
Chr3	3225001	3250000	3
Chr3	3250001	3275000	7
Chr3	3275001	3300000	50
Chr3	3300001	3325000	86
Chr3	3325001	3350000	34
Chr3	3350001	3375000	8
Chr3	3375001	3400000	32
Chr3	3400001	3425000	54
Chr3	3425001	3450000	34
Chr3	3450001	3475000	46
Chr3	3475001	3500000	86
Chr3	3500001	3525000	86
Chr3	3525001	3550000	25
Chr3	3550001	3575000	53
Chr3	3575001	3600000	26
Chr3	3600001	3625000	42
Chr3	3625001	3650000	80
Chr3	3650001	3675000	32
Chr3	3675001	3700000	4
Chr3	3700001	3725000	3
Chr3	3725001	3750000	37
Chr3	3750001	3775000	16
Chr3	3775001	3800000	8
Chr3	3800001	3825000	7
Chr3	3825001	3850000	3
Chr3	3850001	3875000	2
Chr3	3875001	3900000	2
Chr3	3900001	3925000	3
Chr3	3925001	3950000	4
Chr3	3950001	3975000	6
Chr3	3975001	4000000	4
Chr3	4000001	4025000	6
Chr3	4025001	4050000	0
Chr3	4050001	4075000	0
Chr3	4075001	4100000	1
Chr3	4100001	4125000	0
Chr3	4125001	4150000	0
Chr3	4150001	4175000	0
Chr3	4175001	4200000	0
Chr3	4200001	4225000	0
Chr3	4225001	4250000	0
Chr3	4250001	4275000	0
Chr3	4275001	4300000	0
Chr3	4300001	4325000	1
Chr3	4325001	4350000	1
Chr3	4350001	4375000	1
Chr3	4375001	4400000	0
Chr3	4400001	4425000	1
Chr3	4425001	4450000	0
Chr3	4450001	4475000	0
Chr3	4475001	4500000	0
Chr3	4500001	4525000	3
Chr3	4525001	4550000	0
Chr3	4550001	4575000	0
Chr3	4575001	4600000	0
Chr3	4600001	4625000	0
Chr3	4625001	4650000	0
Chr3	4650001	4675000	0
Chr3	4675001	4700000	0
Chr3	4700001	4725000	0
Chr3	4725001	4750000	1
Chr3	4750001	4775000	0
Chr3	4775001	4800000	0
Chr3	4800001	4825000	0
Chr3	4825001	4850000	0
Chr3	4850001	4875000	0
Chr3	4875001	4900000	0
Chr3	4900001	4925000	10
Chr3	4925001	4950000	20
Chr3	4950001	4975000	22
Chr3	4975001	5000000	26
Chr3	5000001	5025000	13
Chr3	5025001	5050000	6
Chr3	5050001	5075000	1
Chr3	5075001	5100000	0
Chr3	5100001	5125000	0
Chr3	5125001	5150000	0
Chr3	5150001	5175000	0
Chr3	5175001	5200000	0
Chr3	5200001	5225000	1
Chr3	5225001	5250000	0
Chr3	5250001	5275000	0
Chr3	5275001	5300000	0
Chr3	5300001	5325000	1
Chr3	5325001	5350000	0
Chr3	5350001	5375000	15
Chr3	5375001	5400000	16
Chr3	5400001	5425000	7
Chr3	5425001	5450000	1
Chr3	5450001	5475000	0
Chr3	5475001	5500000	0
Chr3	5500001	5525000	0
Chr3	5525001	5550000	1
Chr3	5550001	5575000	0
Chr3	5575001	5600000	0
Chr3	5600001	5625000	0
Chr3	5625001	5650000	0
Chr3	5650001	5675000	0
Chr3	5675001	5700000	0
Chr3	5700001	5725000	0
Chr3	5725001	5750000	0
Chr3	5750001	5775000	1
Chr3	5775001	5800000	0
Chr3	5800001	5825000	2
Chr3	5825001	5850000	1
Chr3	5850001	5875000	2
Chr3	5875001	5900000	2
Chr3	5900001	5925000	0
Chr3	5925001	5950000	1
Chr3	5950001	5975000	0
Chr3	5975001	6000000	0
Chr3	6000001	6025000	0
Chr3	6025001	6050000	0
Chr3	6050001	6075000	0
Chr3	6075001	6100000	0
Chr3	6100001	6125000	1
Chr3	6125001	6150000	3
Chr3	6150001	6175000	0
Chr3	6175001	6200000	15
Chr3	6200001	6225000	26
Chr3	6225001	6250000	23
Chr3	6250001	6275000	18
Chr3	6275001	6300000	65
Chr3	6300001	6325000	28
Chr3	6325001	6350000	49
Chr3	6350001	6375000	1
Chr3	6375001	6400000	0
Chr3	6400001	6425000	3
Chr3	6425001	6450000	17
Chr3	6450001	6475000	66
Chr3	6475001	6500000	48
Chr3	6500001	6525000	109
Chr3	6525001	6550000	146
Chr3	6550001	6575000	155
Chr3	6575001	6600000	178
Chr3	6600001	6625000	132
Chr3	6625001	6650000	68
Chr3	6650001	6675000	19
Chr3	6675001	6700000	62
Chr3	6700001	6725000	162
Chr3	6725001	6750000	90
Chr3	6750001	6775000	114
Chr3	6775001	6800000	360
Chr3	6800001	6825000	377
Chr3	6825001	6850000	335
Chr3	6850001	6875000	228
Chr3	6875001	6900000	133
Chr3	6900001	6925000	151
Chr3	6925001	6950000	160
Chr3	6950001	6975000	264
Chr3	6975001	7000000	273
Chr3	7000001	7025000	238
Chr3	7025001	7050000	215
Chr3	7050001	7075000	241
Chr3	7075001	7100000	333
Chr3	7100001	7125000	190
Chr3	7125001	7150000	230
Chr3	7150001	7175000	278
Chr3	7175001	7200000	191
Chr3	7200001	7225000	122
Chr3	7225001	7250000	149
Chr3	7250001	7275000	73
Chr3	7275001	7300000	99
Chr3	7300001	7325000	129
Chr3	7325001	7350000	177
Chr3	7350001	7375000	266
Chr3	7375001	7400000	53
Chr3	7400001	7425000	399
Chr3	7425001	7450000	376
Chr3	7450001	7475000	277
Chr3	7475001	7500000	258
Chr3	7500001	7525000	266
Chr3	7525001	7550000	408
Chr3	7550001	7575000	434
Chr3	7575001	7600000	424
Chr3	7600001	7625000	155
Chr3	7625001	7650000	322
Chr3	7650001	7675000	133
Chr3	7675001	7700000	225
Chr3	7700001	7725000	263
Chr3	7725001	7750000	153
Chr3	7750001	7775000	227
Chr3	7775001	7800000	121
Chr4	1	25000	0
Chr4	25001	50000	21
Chr4	50001	75000	129
Chr4	75001	100000	171
Chr4	100001	125000	130
Chr4	125001	150000	326
Chr4	150001	175000	201
Chr4	175001	200000	208
Chr4	200001	225000	280
Chr4	225001	250000	76
Chr4	250001	275000	177
Chr4	275001	300000	177
Chr4	300001	325000	83
Chr4	325001	350000	70
Chr4	350001	375000	92
Chr4	375001	400000	53
Chr4	400001	425000	100
Chr4	425001	450000	75
Chr4	450001	475000	57
Chr4	475001	500000	50
Chr4	500001	525000	76
Chr4	525001	550000	22
Chr4	550001	575000	64
Chr4	575001	600000	51
Chr4	600001	625000	16
Chr4	625001	650000	23
Chr4	650001	675000	10
Chr4	675001	700000	7
Chr4	700001	725000	12
Chr4	725001	750000	24
Chr4	750001	775000	15
Chr4	775001	800000	13
Chr4	800001	825000	13
Chr4	825001	850000	14
Chr4	850001	875000	15
Chr4	875001	900000	48
Chr4	900001	925000	29
Chr4	925001	950000	9
Chr4	950001	975000	22
Chr4	975001	1000000	47
Chr4	1000001	1025000	46
Chr4	1025001	1050000	15
Chr4	1050001	1075000	35
Chr4	1075001	1100000	23
Chr4	1100001	1125000	12
Chr4	1125001	1150000	15
Chr4	1150001	1175000	21
Chr4	1175001	1200000	28
Chr4	1200001	1225000	37
Chr4	1225001	1250000	23
Chr4	1250001	1275000	14
Chr4	1275001	1300000	10
Chr4	1300001	1325000	18
Chr4	1325001	1350000	9
Chr4	1350001	1375000	14
Chr4	1375001	1400000	14
Chr4	1400001	1425000	13
Chr4	1425001	1450000	37
Chr4	1450001	1475000	33
Chr4	1475001	1500000	25
Chr4	1500001	1525000	25
Chr4	1525001	1550000	18
Chr4	1550001	1575000	23
Chr4	1575001	1600000	24
Chr4	1600001	1625000	60
Chr4	1625001	1650000	24
Chr4	1650001	1675000	15
Chr4	1675001	1700000	26
Chr4	1700001	1725000	45
Chr4	1725001	1750000	35
Chr4	1750001	1775000	15
Chr4	1775001	1800000	17
Chr4	1800001	1825000	15
Chr4	1825001	1850000	16
Chr4	1850001	1875000	25
Chr4	1875001	1900000	11
Chr4	1900001	1925000	14
Chr4	1925001	1950000	21
Chr4	1950001	1975000	23
Chr4	1975001	2000000	20
Chr4	2000001	2025000	21
Chr4	2025001	2050000	22
Chr4	2050001	2075000	19
Chr4	2075001	2100000	12
Chr4	2100001	2125000	15
Chr4	2125001	2150000	16
Chr4	2150001	2175000	10
Chr4	2175001	2200000	12
Chr4	2200001	2225000	16
Chr4	2225001	2250000	62
Chr4	2250001	2275000	43
Chr4	2275001	2300000	13
Chr4	2300001	2325000	15
Chr4	2325001	2350000	21
Chr4	2350001	2375000	12
Chr4	2375001	2400000	10
Chr4	2400001	2425000	21
Chr4	2425001	2450000	18
Chr4	2450001	2475000	12
Chr4	2475001	2500000	15
Chr4	2500001	2525000	26
Chr4	2525001	2550000	28
Chr4	2550001	2575000	16
Chr4	2575001	2600000	50
Chr4	2600001	2625000	21
Chr4	2625001	2650000	19
Chr4	2650001	2675000	24
Chr4	2675001	2700000	23
Chr4	2700001	2725000	14
Chr4	2725001	2750000	113
Chr4	2750001	2775000	69
Chr4	2775001	2800000	31
Chr4	2800001	2825000	72
Chr4	2825001	2850000	16
Chr4	2850001	2875000	16
Chr4	2875001	2900000	57
Chr4	2900001	2925000	27
Chr4	2925001	2950000	17
Chr4	2950001	2975000	13
Chr4	2975001	3000000	40
Chr4	3000001	3025000	38
Chr4	3025001	3050000	23
Chr4	3050001	3075000	31
Chr4	3075001	3100000	24
Chr4	3100001	3125000	10
Chr4	3125001	3150000	16
Chr4	3150001	3175000	15
Chr4	3175001	3200000	11
Chr4	3200001	3225000	18
Chr4	3225001	3250000	68
Chr4	3250001	3275000	71
Chr4	3275001	3300000	28
Chr4	3300001	3325000	42
Chr4	3325001	3350000	23
Chr4	3350001	3375000	42
Chr4	3375001	3400000	37
Chr4	3400001	3425000	17
Chr4	3425001	3450000	21
Chr4	3450001	3475000	12
Chr4	3475001	3500000	16
Chr4	3500001	3525000	15
Chr4	3525001	3550000	9
Chr4	3550001	3575000	20
Chr4	3575001	3600000	25
Chr4	3600001	3625000	7
Chr4	3625001	3650000	19
Chr4	3650001	3675000	20
Chr4	3675001	3700000	13
Chr4	3700001	3725000	16
Chr4	3725001	3750000	21
Chr4	3750001	3775000	16
Chr4	3775001	3800000	81
Chr4	3800001	3825000	55
Chr4	3825001	3850000	81
Chr4	3850001	3875000	184
Chr4	3875001	3900000	107
Chr4	3900001	3925000	108
Chr4	3925001	3950000	143
Chr4	3950001	3975000	123
Chr4	3975001	4000000	253
Chr4	4000001	4025000	93
Chr4	4025001	4050000	97
Chr4	4050001	4075000	253
Chr4	4075001	4100000	283
Chr4	4100001	4125000	267
Chr4	4125001	4150000	313
Chr4	4150001	4175000	162
Chr4	4175001	4200000	119
Chr4	4200001	4225000	149
Chr4	4225001	4250000	174
Chr4	4250001	4275000	182
Chr4	4275001	4300000	180
Chr4	4300001	4325000	305
Chr4	4325001	4350000	111
Chr4	4350001	4375000	313
Chr4	4375001	4400000	390
Chr4	4400001	4425000	437
Chr4	4425001	4450000	305
Chr4	4450001	4475000	182
Chr4	4475001	4500000	183
Chr4	4500001	4525000	209
Chr4	4525001	4550000	194
Chr4	4550001	4575000	181
Chr4	4575001	4600000	343
Chr4	4600001	4625000	187
Chr4	4625001	4650000	81
Chr4	4650001	4675000	72
Chr4	4675001	4700000	90
Chr4	4700001	4725000	76
Chr4	4725001	4750000	69
Chr4	4750001	4775000	72
Chr4	4775001	4800000	17
Chr4	4800001	4825000	64
Chr4	4825001	4850000	34
Chr4	4850001	4875000	27
Chr4	4875001	4900000	22
Chr4	4900001	4925000	15
Chr4	4925001	4950000	10
Chr4	4950001	4975000	11
Chr4	4975001	5000000	14
Chr4	5000001	5025000	9
Chr4	5025001	5050000	83
Chr4	5050001	5075000	518
Chr4	5075001	5100000	258
Chr4	5100001	5125000	56
Chr4	5125001	5150000	12
Chr4	5150001	5175000	21
Chr4	5175001	5200000	15
Chr4	5200001	5225000	18
Chr4	5225001	5250000	19
Chr4	5250001	5275000	18
Chr4	5275001	5300000	27
Chr4	5300001	5325000	28
Chr4	5325001	5350000	25
Chr4	5350001	5375000	28
Chr4	5375001	5400000	39
Chr4	5400001	5425000	34
Chr4	5425001	5450000	39
Chr4	5450001	5475000	21
Chr4	5475001	5500000	20
Chr4	5500001	5525000	16
Chr4	5525001	5550000	24
Chr4	5550001	5575000	48
Chr4	5575001	5600000	23
Chr4	5600001	5625000	49
Chr4	5625001	5650000	28
Chr4	5650001	5675000	49
Chr4	5675001	5700000	25
Chr4	5700001	5725000	24
Chr4	5725001	5750000	21
Chr4	5750001	5775000	37
Chr4	5775001	5800000	30
Chr4	5800001	5825000	38
Chr4	5825001	5850000	43
Chr4	5850001	5875000	34
Chr4	5875001	5900000	14
Chr4	5900001	5925000	9
Chr4	5925001	5950000	13
Chr4	5950001	5975000	29
Chr4	5975001	6000000	22
Chr4	6000001	6025000	20
Chr4	6025001	6050000	11
Chr4	6050001	6075000	12
Chr4	6075001	6100000	15
Chr4	6100001	6125000	17
Chr4	6125001	6150000	21
Chr4	6150001	6175000	30
Chr4	6175001	6200000	20
Chr4	6200001	6225000	39
Chr4	6225001	6250000	21
Chr4	6250001	6275000	27
Chr4	6275001	6300000	17
Chr4	6300001	6325000	40
Chr4	6325001	6350000	43
Chr4	6350001	6375000	29
Chr4	6375001	6400000	24
Chr4	6400001	6425000	63
Chr4	6425001	6450000	36
Chr4	6450001	6475000	20
Chr4	6475001	6500000	58
Chr4	6500001	6525000	17
Chr4	6525001	6550000	56
Chr4	6550001	6575000	36
Chr4	6575001	6600000	51
Chr4	6600001	6625000	113
Chr4	6625001	6650000	51
Chr4	6650001	6675000	24
Chr4	6675001	6700000	24
Chr4	6700001	6725000	42
Chr4	6725001	6750000	46
Chr4	6750001	6775000	52
Chr4	6775001	6800000	57
Chr4	6800001	6825000	63
Chr4	6825001	6850000	98
Chr4	6850001	6875000	42
Chr4	6875001	6900000	87
Chr4	6900001	6925000	29
Chr4	6925001	6950000	16
Chr4	6950001	6975000	61
Chr4	6975001	7000000	34
Chr4	7000001	7025000	52
Chr4	7025001	7050000	86
Chr4	7050001	7075000	42
Chr4	7075001	7100000	25
Chr4	7100001	7125000	54
Chr4	7125001	7150000	83
Chr4	7150001	7175000	69
Chr4	7175001	7200000	59
Chr4	7200001	7225000	65
Chr4	7225001	7250000	91
Chr4	7250001	7275000	78
Chr4	7275001	7300000	99
Chr4	7300001	7325000	45
Chr4	7325001	7350000	137
Chr4	7350001	7375000	224
Chr4	7375001	7400000	113
Chr4	7400001	7425000	151
Chr4	7425001	7450000	220
Chr4	7450001	7475000	295
Chr4	7475001	7500000	194
Chr4	7500001	7525000	177
Chr4	7525001	7550000	276
Chr4	7550001	7575000	412
Chr4	7575001	7600000	254
Chr4	7600001	7625000	314
Chr4	7625001	7650000	261
Chr4	7650001	7675000	271
Chr4	7675001	7700000	212
Chr4	7700001	7725000	275
Chr4	7725001	7750000	228
Chr4	7750001	7775000	219
Chr4	7775001	7800000	107
Chr4	7800001	7825000	112
Chr4	7825001	7850000	122
Chr4	7850001	7875000	12
Chr4	7875001	7900000	141
Chr4	7900001	7925000	114
Chr4	7925001	7950000	97
Chr4	7950001	7975000	272
Chr4	7975001	8000000	273
Chr4	8000001	8025000	170
Chr4	8025001	8050000	7
Chr4	8050001	8075000	7
Chr4	8075001	8100000	10
Chr4	8100001	8125000	9
Chr4	8125001	8150000	10
Chr4	8150001	8175000	20
Chr4	8175001	8200000	10
Chr4	8200001	8225000	7
Chr4	8225001	8250000	14
Chr4	8250001	8275000	6
Chr4	8275001	8300000	10
Chr4	8300001	8325000	7
Chr4	8325001	8350000	2
Chr4	8350001	8375000	18
Chr4	8375001	8400000	7
Chr4	8400001	8425000	14
Chr4	8425001	8450000	10
Chr4	8450001	8475000	6
Chr4	8475001	8500000	15
Chr4	8500001	8525000	6
Chr4	8525001	8550000	6
Chr4	8550001	8575000	10
Chr4	8575001	8600000	15
Chr4	8600001	8625000	11
Chr4	8625001	8650000	5
Chr4	8650001	8675000	14
Chr4	8675001	8700000	15
Chr4	8700001	8725000	7
Chr4	8725001	8750000	18
Chr4	8750001	8775000	6
Chr4	8775001	8800000	10
Chr4	8800001	8825000	7
Chr4	8825001	8850000	10
Chr4	8850001	8875000	13
Chr4	8875001	8900000	8
Chr4	8900001	8925000	14
Chr4	8925001	8950000	10
Chr4	8950001	8975000	12
Chr4	8975001	9000000	4
Chr4	9000001	9025000	13
Chr4	9025001	9050000	8
Chr4	9050001	9075000	9
Chr4	9075001	9100000	8
Chr4	9100001	9125000	18
Chr4	9125001	9150000	9
Chr4	9150001	9175000	9
Chr4	9175001	9200000	8
Chr4	9200001	9225000	4
Chr4	9225001	9250000	5
Chr4	9250001	9275000	2
Chr4	9275001	9300000	11
Chr4	9300001	9325000	5
Chr4	9325001	9350000	7
Chr4	9350001	9375000	11
Chr4	9375001	9400000	7
Chr4	9400001	9425000	4
